# Marginal distribution of cubic-spline interpolated points from nested sampling.
# Column #1: Parameter values
# Column #2: Marginal distribution values (probability only)
6.082886001e+01  1.166290391e-157
6.089832359e+01  0.000000000e+00
6.096778716e+01  0.000000000e+00
6.103725073e+01  0.000000000e+00
6.110671431e+01  0.000000000e+00
6.117617788e+01  0.000000000e+00
6.124564145e+01  0.000000000e+00
6.131510502e+01  0.000000000e+00
6.138456860e+01  0.000000000e+00
6.145403217e+01  0.000000000e+00
6.152349574e+01  5.749578697e-148
6.159295932e+01  2.740251313e-14
6.166242289e+01  5.845869468e-14
6.173188646e+01  8.951487622e-14
6.180135004e+01  1.169173894e-13
6.187081361e+01  1.370125656e-13
6.194027718e+01  1.461467367e-13
6.200974076e+01  1.406662341e-13
6.207920433e+01  1.169173894e-13
6.214866790e+01  7.124653414e-14
6.221813147e+01  8.705890079e-27
6.228759505e+01  0.000000000e+00
6.235705862e+01  0.000000000e+00
6.242652219e+01  0.000000000e+00
6.249598577e+01  0.000000000e+00
6.256544934e+01  0.000000000e+00
6.263491291e+01  0.000000000e+00
6.270437649e+01  0.000000000e+00
6.277384006e+01  0.000000000e+00
6.284330363e+01  0.000000000e+00
6.291276720e+01  0.000000000e+00
6.298223078e+01  3.628092738e-13
6.305169435e+01  7.833465087e-13
6.312115792e+01  1.209729613e-12
6.319062150e+01  1.590076495e-12
6.326008507e+01  1.872505064e-12
6.332954864e+01  2.005133227e-12
6.339901222e+01  1.936078894e-12
6.346847579e+01  1.613459973e-12
6.353793936e+01  9.853943721e-13
6.360740294e+01  4.840611133e-25
6.367686651e+01  0.000000000e+00
6.374633008e+01  0.000000000e+00
6.381579365e+01  0.000000000e+00
6.388525723e+01  0.000000000e+00
6.395472080e+01  0.000000000e+00
6.402418437e+01  0.000000000e+00
6.409364795e+01  0.000000000e+00
6.416311152e+01  0.000000000e+00
6.423257509e+01  0.000000000e+00
6.430203867e+01  0.000000000e+00
6.437150224e+01  5.051927321e-12
6.444096581e+01  1.090839243e-11
6.451042938e+01  1.684669971e-11
6.457989296e+01  2.214415354e-11
6.464935653e+01  2.607805833e-11
6.471882010e+01  2.792571845e-11
6.478828368e+01  2.696443829e-11
6.485774725e+01  2.247152223e-11
6.492721082e+01  1.372427468e-11
6.499667440e+01  1.010233918e-23
6.506613797e+01  0.000000000e+00
6.513560154e+01  0.000000000e+00
6.520506511e+01  0.000000000e+00
6.527452869e+01  0.000000000e+00
6.534399226e+01  0.000000000e+00
6.541345583e+01  0.000000000e+00
6.548291941e+01  0.000000000e+00
6.555238298e+01  0.000000000e+00
6.562184655e+01  0.000000000e+00
6.569131013e+01  0.000000000e+00
6.576077370e+01  7.036417321e-11
6.583023727e+01  1.519341475e-10
6.589970085e+01  2.346440663e-10
6.596916442e+01  3.084280731e-10
6.603862799e+01  3.632203115e-10
6.610809156e+01  3.889549250e-10
6.617755514e+01  3.755660571e-10
6.624701871e+01  3.129878513e-10
6.631648228e+01  1.911544511e-10
6.638594586e+01  1.875119552e-22
6.645540943e+01  0.000000000e+00
6.652487300e+01  0.000000000e+00
6.659433658e+01  0.000000000e+00
6.666380015e+01  0.000000000e+00
6.673326372e+01  0.000000000e+00
6.680272729e+01  0.000000000e+00
6.687219087e+01  0.000000000e+00
6.694165444e+01  0.000000000e+00
6.701111801e+01  0.000000000e+00
6.708058159e+01  6.387380984e-17
6.715004516e+01  9.800465834e-10
6.721950873e+01  2.116169788e-09
6.728897231e+01  3.268170387e-09
6.735843588e+01  4.295849090e-09
6.742789945e+01  5.059006607e-09
6.749736303e+01  5.417443645e-09
6.756682660e+01  5.230960916e-09
6.763629017e+01  4.359359128e-09
6.770575374e+01  2.662438991e-09
6.777521732e+01  1.213622922e-15
6.784468089e+01  0.000000000e+00
6.791414446e+01  0.000000000e+00
6.798360804e+01  0.000000000e+00
6.805307161e+01  0.000000000e+00
6.812253518e+01  0.000000000e+00
6.819199876e+01  0.000000000e+00
6.826146233e+01  0.000000000e+00
6.833092590e+01  0.000000000e+00
6.840038947e+01  0.000000000e+00
6.846985305e+01  0.000000000e+00
6.853931662e+01  1.365028546e-08
6.860878019e+01  2.947443843e-08
6.867824377e+01  4.551973479e-08
6.874770734e+01  5.983345046e-08
6.881717091e+01  7.046286132e-08
6.888663449e+01  7.545524328e-08
6.895609806e+01  7.285787222e-08
6.902556163e+01  6.071802406e-08
6.909502520e+01  3.708297469e-08
6.916448878e+01  6.367285981e-20
6.923395235e+01  0.000000000e+00
6.930341592e+01  0.000000000e+00
6.937287950e+01  0.000000000e+00
6.944234307e+01  0.000000000e+00
6.951180664e+01  0.000000000e+00
6.958127022e+01  0.000000000e+00
6.965073379e+01  0.000000000e+00
6.972019736e+01  0.000000000e+00
6.978966094e+01  0.000000000e+00
6.985912451e+01  0.000000000e+00
6.992858808e+01  1.901239512e-07
6.999805165e+01  4.105259703e-07
7.006751523e+01  6.340081194e-07
7.013697880e+01  8.333724602e-07
7.020644237e+01  9.814210548e-07
7.027590595e+01  1.050955965e-06
7.034536952e+01  1.014779253e-06
7.041483309e+01  8.456929798e-07
7.048429667e+01  5.164992083e-07
7.055376024e+01  8.868485321e-19
7.062322381e+01  0.000000000e+00
7.069268738e+01  0.000000000e+00
7.076215096e+01  0.000000000e+00
7.083161453e+01  0.000000000e+00
7.090107810e+01  0.000000000e+00
7.097054168e+01  0.000000000e+00
7.104000525e+01  0.000000000e+00
7.110946882e+01  0.000000000e+00
7.117893240e+01  0.000000000e+00
7.124839597e+01  0.000000000e+00
7.131785954e+01  2.691487217e-06
7.138732311e+01  6.065106629e-06
7.145678669e+01  1.000245294e-05
7.152625026e+01  1.438512085e-05
7.159571383e+01  1.909470507e-05
7.166517741e+01  2.401280030e-05
7.173464098e+01  2.902100124e-05
7.180410455e+01  3.400090259e-05
7.187356813e+01  3.883409905e-05
7.194303170e+01  4.340218534e-05
7.201249527e+01  4.760302196e-05
7.208195885e+01  5.139953268e-05
7.215142242e+01  5.477090708e-05
7.222088599e+01  5.769633473e-05
7.229034956e+01  6.015500521e-05
7.235981314e+01  6.212610809e-05
7.242927671e+01  6.358883297e-05
7.249874028e+01  6.452236940e-05
7.256820386e+01  6.490590697e-05
7.263766743e+01  6.471863526e-05
7.270713100e+01  6.399565175e-05
7.277659458e+01  6.299568562e-05
7.284605815e+01  6.203337396e-05
7.291552172e+01  6.142335384e-05
7.298498529e+01  6.148026236e-05
7.305444887e+01  6.251873659e-05
7.312391244e+01  6.485341363e-05
7.319337601e+01  6.879893055e-05
7.326283959e+01  7.466992444e-05
7.333230316e+01  8.278103240e-05
7.340176673e+01  9.334111950e-05
7.347123031e+01  1.061359629e-04
7.354069388e+01  1.208455677e-04
7.361015745e+01  1.371499390e-04
7.367962103e+01  1.547290820e-04
7.374908460e+01  1.732630019e-04
7.381854817e+01  1.924317037e-04
7.388801174e+01  2.119151925e-04
7.395747532e+01  2.313934736e-04
7.402693889e+01  2.505465521e-04
7.409640246e+01  2.690830899e-04
7.416586604e+01  2.868263767e-04
7.423532961e+01  3.036283591e-04
7.430479318e+01  3.193409834e-04
7.437425676e+01  3.338161962e-04
7.444372033e+01  3.469059441e-04
7.451318390e+01  3.584621735e-04
7.458264747e+01  3.683368309e-04
7.465211105e+01  3.763818629e-04
7.472157462e+01  3.824492159e-04
7.479103819e+01  3.865358172e-04
7.486050177e+01  3.892185166e-04
7.492996534e+01  3.912191448e-04
7.499942891e+01  3.932595323e-04
7.506889249e+01  3.960615098e-04
7.513835606e+01  4.003469078e-04
7.520781963e+01  4.068375570e-04
7.527728320e+01  4.162552880e-04
7.534674678e+01  4.293219314e-04
7.541621035e+01  4.467593177e-04
7.548567392e+01  4.691139823e-04
7.555513750e+01  4.962312792e-04
7.562460107e+01  5.277812675e-04
7.569406464e+01  5.634340058e-04
7.576352822e+01  6.028595531e-04
7.583299179e+01  6.457279681e-04
7.590245536e+01  6.917093098e-04
7.597191894e+01  7.404736369e-04
7.604138251e+01  7.916910083e-04
7.611084608e+01  8.450314828e-04
7.618030965e+01  9.001336781e-04
7.624977323e+01  9.565104471e-04
7.631923680e+01  1.013643202e-03
7.638870037e+01  1.071013353e-03
7.645816395e+01  1.128102314e-03
7.652762752e+01  1.184391495e-03
7.659709109e+01  1.239362308e-03
7.666655467e+01  1.292496165e-03
7.673601824e+01  1.343274479e-03
7.680548181e+01  1.391178659e-03
7.687494538e+01  1.435829000e-03
7.694440896e+01  1.477401316e-03
7.701387253e+01  1.516210303e-03
7.708333610e+01  1.552570657e-03
7.715279968e+01  1.586797074e-03
7.722226325e+01  1.619204251e-03
7.729172682e+01  1.650106883e-03
7.736119040e+01  1.679819666e-03
7.743065397e+01  1.708657297e-03
7.750011754e+01  1.736934470e-03
7.756958111e+01  1.764981990e-03
7.763904469e+01  1.793195086e-03
7.770850826e+01  1.821985096e-03
7.777797183e+01  1.851763356e-03
7.784743541e+01  1.882941204e-03
7.791689898e+01  1.915929977e-03
7.798636255e+01  1.951141012e-03
7.805582613e+01  1.988985646e-03
7.812528970e+01  2.029875216e-03
7.819475327e+01  2.074221060e-03
7.826421685e+01  2.122224603e-03
7.833368042e+01  2.173247631e-03
7.840314399e+01  2.226442016e-03
7.847260756e+01  2.280959631e-03
7.854207114e+01  2.335952352e-03
7.861153471e+01  2.390572050e-03
7.868099828e+01  2.443970600e-03
7.875046186e+01  2.495299875e-03
7.881992543e+01  2.543711748e-03
7.888938900e+01  2.588358093e-03
7.895885258e+01  2.628828159e-03
7.902831615e+01  2.666460698e-03
7.909777972e+01  2.703031838e-03
7.916724329e+01  2.740317705e-03
7.923670687e+01  2.780094428e-03
7.930617044e+01  2.824138135e-03
7.937563401e+01  2.874224952e-03
7.944509759e+01  2.932131007e-03
7.951456116e+01  2.999632428e-03
7.958402473e+01  3.078505342e-03
7.965348831e+01  3.169868996e-03
7.972295188e+01  3.272215116e-03
7.979241545e+01  3.383378545e-03
7.986187903e+01  3.501194127e-03
7.993134260e+01  3.623496708e-03
8.000080617e+01  3.748121130e-03
8.007026974e+01  3.872902239e-03
8.013973332e+01  3.995674878e-03
8.020919689e+01  4.114273892e-03
8.027866046e+01  4.226534125e-03
8.034812404e+01  4.330968178e-03
8.041758761e+01  4.428799677e-03
8.048705118e+01  4.521930004e-03
8.055651476e+01  4.612260542e-03
8.062597833e+01  4.701692674e-03
8.069544190e+01  4.792127782e-03
8.076490547e+01  4.885467248e-03
8.083436905e+01  4.983612456e-03
8.090383262e+01  5.088464787e-03
8.097329619e+01  5.201925625e-03
8.104275977e+01  5.325018540e-03
8.111222334e+01  5.455255857e-03
8.118168691e+01  5.589272090e-03
8.125115049e+01  5.723701751e-03
8.132061406e+01  5.855179355e-03
8.139007763e+01  5.980339413e-03
8.145954120e+01  6.095816441e-03
8.152900478e+01  6.198244951e-03
8.159846835e+01  6.284259456e-03
8.166793192e+01  6.350494469e-03
8.173739550e+01  6.394877587e-03
8.180685907e+01  6.420508732e-03
8.187632264e+01  6.431780910e-03
8.194578622e+01  6.433087128e-03
8.201524979e+01  6.428820390e-03
8.208471336e+01  6.423373702e-03
8.215417694e+01  6.421140071e-03
8.222364051e+01  6.426512502e-03
8.229310408e+01  6.443884000e-03
8.236256765e+01  6.477647571e-03
8.243203123e+01  6.530879628e-03
8.250149480e+01  6.601390212e-03
8.257095837e+01  6.685672769e-03
8.264042195e+01  6.780220748e-03
8.270988552e+01  6.881527596e-03
8.277934909e+01  6.986086760e-03
8.284881267e+01  7.090391688e-03
8.291827624e+01  7.190935826e-03
8.298773981e+01  7.284212624e-03
8.305720338e+01  7.366715528e-03
8.312666696e+01  7.435685943e-03
8.319613053e+01  7.491357102e-03
8.326559410e+01  7.534710198e-03
8.333505768e+01  7.566726420e-03
8.340452125e+01  7.588386961e-03
8.347398482e+01  7.600673010e-03
8.354344840e+01  7.604565761e-03
8.361291197e+01  7.601046402e-03
8.368237554e+01  7.591096126e-03
8.375183911e+01  7.575696124e-03
8.382130269e+01  7.555747671e-03
8.389076626e+01  7.531832383e-03
8.396022983e+01  7.504451959e-03
8.402969341e+01  7.474108099e-03
8.409915698e+01  7.441302502e-03
8.416862055e+01  7.406536869e-03
8.423808413e+01  7.370312898e-03
8.430754770e+01  7.333132290e-03
8.437701127e+01  7.295496744e-03
8.444647485e+01  7.257907960e-03
8.451593842e+01  7.220780966e-03
8.458540199e+01  7.184184106e-03
8.465486556e+01  7.148099050e-03
8.472432914e+01  7.112507470e-03
8.479379271e+01  7.077391037e-03
8.486325628e+01  7.042731424e-03
8.493271986e+01  7.008510302e-03
8.500218343e+01  6.974709342e-03
8.507164700e+01  6.941310215e-03
8.514111058e+01  6.908294594e-03
8.521057415e+01  6.875543344e-03
8.528003772e+01  6.842534108e-03
8.534950129e+01  6.808643722e-03
8.541896487e+01  6.773249025e-03
8.548842844e+01  6.735726854e-03
8.555789201e+01  6.695454045e-03
8.562735559e+01  6.651807435e-03
8.569681916e+01  6.604163863e-03
8.576628273e+01  6.551900165e-03
8.583574631e+01  6.494393178e-03
8.590520988e+01  6.431302225e-03
8.597467345e+01  6.363416578e-03
8.604413703e+01  6.291807993e-03
8.611360060e+01  6.217548225e-03
8.618306417e+01  6.141709032e-03
8.625252774e+01  6.065362170e-03
8.632199132e+01  5.989579396e-03
8.639145489e+01  5.915432466e-03
8.646091846e+01  5.843993137e-03
8.653038204e+01  5.776333165e-03
8.659984561e+01  5.713089691e-03
8.666930918e+01  5.653161391e-03
8.673877276e+01  5.595012325e-03
8.680823633e+01  5.537106554e-03
8.687769990e+01  5.477908139e-03
8.694716347e+01  5.415881139e-03
8.701662705e+01  5.349489615e-03
8.708609062e+01  5.277197627e-03
8.715555419e+01  5.197469236e-03
8.722501777e+01  5.108768501e-03
8.729448134e+01  5.010178669e-03
8.736394491e+01  4.903259724e-03
8.743340849e+01  4.790190839e-03
8.750287206e+01  4.673151183e-03
8.757233563e+01  4.554319928e-03
8.764179920e+01  4.435876244e-03
8.771126278e+01  4.319999302e-03
8.778072635e+01  4.208868274e-03
8.785018992e+01  4.104662329e-03
8.791965350e+01  4.009560639e-03
8.798911707e+01  3.925177598e-03
8.805858064e+01  3.850868490e-03
8.812804422e+01  3.785423823e-03
8.819750779e+01  3.727634105e-03
8.826697136e+01  3.676289843e-03
8.833643494e+01  3.630181545e-03
8.840589851e+01  3.588099718e-03
8.847536208e+01  3.548834871e-03
8.854482565e+01  3.511177511e-03
8.861428923e+01  3.473918145e-03
8.868375280e+01  3.435972997e-03
8.875321637e+01  3.396761145e-03
8.882267995e+01  3.355827384e-03
8.889214352e+01  3.312716509e-03
8.896160709e+01  3.266973315e-03
8.903107067e+01  3.218142595e-03
8.910053424e+01  3.165769145e-03
8.916999781e+01  3.109397759e-03
8.923946138e+01  3.048573231e-03
8.930892496e+01  2.982840356e-03
8.937838853e+01  2.911944377e-03
8.944785210e+01  2.836432327e-03
8.951731568e+01  2.757051690e-03
8.958677925e+01  2.674549948e-03
8.965624282e+01  2.589674584e-03
8.972570640e+01  2.503173080e-03
8.979516997e+01  2.415792919e-03
8.986463354e+01  2.328281583e-03
8.993409711e+01  2.241386554e-03
9.000356069e+01  2.155855316e-03
9.007302426e+01  2.072432089e-03
9.014248783e+01  1.991848041e-03
9.021195141e+01  1.914831081e-03
9.028141498e+01  1.842109114e-03
9.035087855e+01  1.774410049e-03
9.042034213e+01  1.712461792e-03
9.048980570e+01  1.656992250e-03
9.055926927e+01  1.608729331e-03
9.062873285e+01  1.568400942e-03
9.069819642e+01  1.536734989e-03
9.076765999e+01  1.514015822e-03
9.083712356e+01  1.498753562e-03
9.090658714e+01  1.489014769e-03
9.097605071e+01  1.482866008e-03
9.104551428e+01  1.478373840e-03
9.111497786e+01  1.473604827e-03
9.118444143e+01  1.466625532e-03
9.125390500e+01  1.455502518e-03
9.132336858e+01  1.438302346e-03
9.139283215e+01  1.413091579e-03
9.146229572e+01  1.378481928e-03
9.153175929e+01  1.335265694e-03
9.160122287e+01  1.284780330e-03
9.167068644e+01  1.228363286e-03
9.174015001e+01  1.167352013e-03
9.180961359e+01  1.103083962e-03
9.187907716e+01  1.036896584e-03
9.194854073e+01  9.701273296e-04
9.201800431e+01  9.041136499e-04
9.208746788e+01  8.401929958e-04
9.215693145e+01  7.795394247e-04
9.222639503e+01  7.226734204e-04
9.229585860e+01  6.699520730e-04
9.236532217e+01  6.217324726e-04
9.243478574e+01  5.783717096e-04
9.250424932e+01  5.402268741e-04
9.257371289e+01  5.076550563e-04
9.264317646e+01  4.810133463e-04
9.271264004e+01  4.606588344e-04
9.278210361e+01  4.469486108e-04
9.285156718e+01  4.399915419e-04
9.292103076e+01  4.389035990e-04
9.299049433e+01  4.425525298e-04
9.305995790e+01  4.498060818e-04
9.312942147e+01  4.595320025e-04
9.319888505e+01  4.705980396e-04
9.326834862e+01  4.818719407e-04
9.333781219e+01  4.922214533e-04
9.340727577e+01  5.005143249e-04
9.347673934e+01  5.056183033e-04
9.354620291e+01  5.066616822e-04
9.361566649e+01  5.038149400e-04
9.368513006e+01  4.975091018e-04
9.375459363e+01  4.881751921e-04
9.382405720e+01  4.762442359e-04
9.389352078e+01  4.621472578e-04
9.396298435e+01  4.463152827e-04
9.403244792e+01  4.291793353e-04
9.410191150e+01  4.111704405e-04
9.417137507e+01  3.927196230e-04
9.424083864e+01  3.742070386e-04
9.431030222e+01  3.558093667e-04
9.437976579e+01  3.376524179e-04
9.444922936e+01  3.198620027e-04
9.451869294e+01  3.025639315e-04
9.458815651e+01  2.858840149e-04
9.465762008e+01  2.699480632e-04
9.472708365e+01  2.548818871e-04
9.479654723e+01  2.408112969e-04
9.486601080e+01  2.278621032e-04
9.493547437e+01  2.161082015e-04
9.500493795e+01  2.054158278e-04
9.507440152e+01  1.955993031e-04
9.514386509e+01  1.864729484e-04
9.521332867e+01  1.778510847e-04
9.528279224e+01  1.695480331e-04
9.535225581e+01  1.613781145e-04
9.542171938e+01  1.531556501e-04
9.549118296e+01  1.446949607e-04
9.556064653e+01  1.358103675e-04
9.563011010e+01  1.263847378e-04
9.569957368e+01  1.165751244e-04
9.576903725e+01  1.066071265e-04
9.583850082e+01  9.670634326e-05
9.590796440e+01  8.709837382e-05
9.597742797e+01  7.800881736e-05
9.604689154e+01  6.966327304e-05
9.611635512e+01  6.228734002e-05
9.618581869e+01  5.610661748e-05
9.625528226e+01  5.134670458e-05
9.632474583e+01  4.814761051e-05
9.639420941e+01  4.630698461e-05
9.646367298e+01  4.553688627e-05
9.653313655e+01  4.554937484e-05
9.660260013e+01  4.605650972e-05
9.667206370e+01  4.677035026e-05
9.674152727e+01  4.740295585e-05
9.681099085e+01  4.766638587e-05
9.688045442e+01  4.727269967e-05
9.694991799e+01  4.593395665e-05
9.701938156e+01  4.345474421e-05
9.708884514e+01  4.000976193e-05
9.715830871e+01  3.586623743e-05
9.722777228e+01  3.129139833e-05
9.729723586e+01  2.655247226e-05
9.736669943e+01  2.191668683e-05
9.743616300e+01  1.765126966e-05
9.750562658e+01  1.402344837e-05
9.757509015e+01  1.130045058e-05
9.764455372e+01  9.749503911e-06
9.771401729e+01  9.550409039e-06
9.778348087e+01  1.053325886e-05
9.785294444e+01  1.244071934e-05
9.792240801e+01  1.501545643e-05
9.799187159e+01  1.800013608e-05
9.806133516e+01  2.113742426e-05
9.813079873e+01  2.416998691e-05
9.820026231e+01  2.684049000e-05
9.826972588e+01  2.889159949e-05
9.833918945e+01  3.006598132e-05
9.840865303e+01  3.017657394e-05
9.847811660e+01  2.931740576e-05
9.854758017e+01  2.765277765e-05
9.861704374e+01  2.534699052e-05
9.868650732e+01  2.256434525e-05
9.875597089e+01  1.946914273e-05
9.882543446e+01  1.622568384e-05
9.889489804e+01  1.299826948e-05
9.896436161e+01  9.951200532e-06
9.903382518e+01  7.248777887e-06
9.910328876e+01  5.019976140e-06
9.917275233e+01  3.252464711e-06
9.924221590e+01  1.898586728e-06
9.931167947e+01  9.106853177e-07
9.938114305e+01  2.411036071e-07
9.945060662e+01  0.000000000e+00
9.952007019e+01  0.000000000e+00
9.958953377e+01  0.000000000e+00
9.965899734e+01  0.000000000e+00
9.972846091e+01  0.000000000e+00
9.979792449e+01  2.455731506e-07
9.986738806e+01  5.120538495e-07
9.993685163e+01  7.879711828e-07
1.000063152e+02  1.061854236e-06
1.000757788e+02  1.322232096e-06
1.001452424e+02  1.557633848e-06
1.002147059e+02  1.756588579e-06
1.002841695e+02  1.907625373e-06
1.003536331e+02  1.999273318e-06
1.004230966e+02  2.020061499e-06
1.004925602e+02  1.962711946e-06
1.005620238e+02  1.836718471e-06
1.006314874e+02  1.655767827e-06
1.007009509e+02  1.433546769e-06
1.007704145e+02  1.183742052e-06
1.008398781e+02  9.200404311e-07
1.009093417e+02  6.561286607e-07
1.009788052e+02  4.056934955e-07
1.010482688e+02  1.824216904e-07
1.011177324e+02  1.159423064e-18
1.011871959e+02  0.000000000e+00
1.012566595e+02  0.000000000e+00
1.013261231e+02  0.000000000e+00
1.013955867e+02  0.000000000e+00
1.014650502e+02  0.000000000e+00
1.015345138e+02  0.000000000e+00
1.016039774e+02  0.000000000e+00
1.016734410e+02  0.000000000e+00
1.017429045e+02  0.000000000e+00
1.018123681e+02  0.000000000e+00
1.018818317e+02  3.518667165e-08
1.019512952e+02  5.761310128e-08
1.020207588e+02  6.913215701e-08
1.020902224e+02  7.159670696e-08
1.021596860e+02  6.685961925e-08
1.022291495e+02  5.677376200e-08
1.022986131e+02  4.319200333e-08
1.023680767e+02  2.796721136e-08
1.024375403e+02  1.295225421e-08
1.025070038e+02  9.017731823e-20
1.025764674e+02  0.000000000e+00
1.026459310e+02  0.000000000e+00
1.027153946e+02  0.000000000e+00
1.027848581e+02  0.000000000e+00
1.028543217e+02  0.000000000e+00
1.029237853e+02  0.000000000e+00
1.029932488e+02  0.000000000e+00
1.030627124e+02  0.000000000e+00
1.031321760e+02  0.000000000e+00
1.032016396e+02  0.000000000e+00
1.032711031e+02  2.526289371e-09
1.033405667e+02  4.136434586e-09
1.034100303e+02  4.963465588e-09
1.034794939e+02  5.140412323e-09
1.035489574e+02  4.800304735e-09
1.036184210e+02  4.076172768e-09
1.036878846e+02  3.101046366e-09
1.037573481e+02  2.007955475e-09
1.038268117e+02  9.299300380e-10
1.038962753e+02  6.807049853e-21
1.039657389e+02  0.000000000e+00
1.040352024e+02  0.000000000e+00
1.041046660e+02  0.000000000e+00
1.041741296e+02  0.000000000e+00
1.042435932e+02  0.000000000e+00
1.043130567e+02  0.000000000e+00
1.043825203e+02  0.000000000e+00
1.044519839e+02  0.000000000e+00
1.045214475e+02  0.000000000e+00
1.045909110e+02  0.000000000e+00
1.046603746e+02  1.813795448e-10
1.047298382e+02  2.969829190e-10
1.047993017e+02  3.563612246e-10
1.048687653e+02  3.690655634e-10
1.049382289e+02  3.446470373e-10
1.050076925e+02  2.926567482e-10
1.050771560e+02  2.226457981e-10
1.051466196e+02  1.441652887e-10
1.052160832e+02  6.676632206e-11
1.052855468e+02  4.887282345e-22
1.053550103e+02  0.000000000e+00
1.054244739e+02  0.000000000e+00
1.054939375e+02  0.000000000e+00
1.055634010e+02  0.000000000e+00
1.056328646e+02  0.000000000e+00
1.057023282e+02  0.000000000e+00
1.057717918e+02  0.000000000e+00
1.058412553e+02  0.000000000e+00
1.059107189e+02  0.000000000e+00
1.059801825e+02  0.000000000e+00
1.060496461e+02  1.302425610e-11
1.061191096e+02  2.132628081e-11
1.061885732e+02  2.559155621e-11
1.062580368e+02  2.650556442e-11
1.063275004e+02  2.475378753e-11
1.063969639e+02  2.102170764e-11
1.064664275e+02  1.599480684e-11
1.065358911e+02  1.035856723e-11
1.066053546e+02  4.798470921e-12
1.066748182e+02  3.599644959e-23
1.067442818e+02  0.000000000e+00
1.068137454e+02  0.000000000e+00
1.068832089e+02  0.000000000e+00
1.069526725e+02  0.000000000e+00
1.070221361e+02  0.000000000e+00
1.070915997e+02  0.000000000e+00
1.071610632e+02  0.000000000e+00
1.072305268e+02  0.000000000e+00
1.072999904e+02  0.000000000e+00
1.073694539e+02  0.000000000e+00
1.074389175e+02  9.600406192e-13
1.075083811e+02  1.585012258e-12
1.075778447e+02  1.920562398e-12
1.076473082e+02  2.012338524e-12
1.077167718e+02  1.905988117e-12
1.077862354e+02  1.647158661e-12
1.078556990e+02  1.281497638e-12
1.079251625e+02  8.546525322e-13
1.079946261e+02  4.122708251e-13
1.080640897e+02  3.360307985e-24
1.081335532e+02  0.000000000e+00
1.082030168e+02  0.000000000e+00
1.082724804e+02  0.000000000e+00
1.083419440e+02  0.000000000e+00
1.084114075e+02  0.000000000e+00
1.084808711e+02  0.000000000e+00
1.085503347e+02  0.000000000e+00
1.086197983e+02  0.000000000e+00
1.086892618e+02  0.000000000e+00
1.087587254e+02  0.000000000e+00
1.088281890e+02  0.000000000e+00
1.088976526e+02  0.000000000e+00
1.089671161e+02  0.000000000e+00
1.090365797e+02  0.000000000e+00
1.091060433e+02  0.000000000e+00
