# Marginal distribution of cubic-spline interpolated points from nested sampling.
# Column #1: Parameter values
# Column #2: Marginal distribution values (probability only)
2.315753470e-01  1.680461510e-120
2.340205084e-01  0.000000000e+00
2.364656699e-01  0.000000000e+00
2.389108313e-01  0.000000000e+00
2.413559928e-01  0.000000000e+00
2.438011542e-01  0.000000000e+00
2.462463157e-01  0.000000000e+00
2.486914771e-01  0.000000000e+00
2.511366386e-01  0.000000000e+00
2.535818000e-01  0.000000000e+00
2.560269615e-01  1.680461510e-120
2.584721229e-01  3.767540642e-25
2.609172844e-01  8.037420037e-25
2.633624459e-01  1.230729943e-24
2.658076073e-01  1.607484007e-24
2.682527688e-01  1.883770321e-24
2.706979302e-01  2.009355009e-24
2.731430917e-01  1.934004196e-24
2.755882531e-01  1.607484007e-24
2.780334146e-01  9.795605670e-25
2.804785760e-01  0.000000000e+00
2.829237375e-01  0.000000000e+00
2.853688989e-01  0.000000000e+00
2.878140604e-01  0.000000000e+00
2.902592218e-01  0.000000000e+00
2.927043833e-01  0.000000000e+00
2.951495447e-01  0.000000000e+00
2.975947062e-01  0.000000000e+00
3.000398677e-01  0.000000000e+00
3.024850291e-01  0.000000000e+00
3.049301906e-01  2.948416552e-37
3.073753520e-01  4.988223810e-24
3.098205135e-01  1.077014285e-23
3.122656749e-01  1.663243609e-23
3.147108364e-01  2.186178250e-23
3.171559978e-01  2.574486106e-23
3.196011593e-01  2.756835073e-23
3.220463207e-01  2.661893048e-23
3.244914822e-01  2.218327930e-23
3.269366436e-01  1.354807615e-23
3.293818051e-01  0.000000000e+00
3.318269665e-01  0.000000000e+00
3.342721280e-01  0.000000000e+00
3.367172895e-01  0.000000000e+00
3.391624509e-01  0.000000000e+00
3.416076124e-01  0.000000000e+00
3.440527738e-01  0.000000000e+00
3.464979353e-01  0.000000000e+00
3.489430967e-01  0.000000000e+00
3.513882582e-01  0.000000000e+00
3.538334196e-01  8.277502863e-36
3.562785811e-01  6.945837928e-23
3.587237425e-01  1.499782579e-22
3.611689040e-01  2.316233753e-22
3.636140654e-01  3.044574710e-22
3.660592269e-01  3.585442845e-22
3.685043884e-01  3.839475552e-22
3.709495498e-01  3.707310226e-22
3.733947113e-01  3.089584262e-22
3.758398727e-01  1.886935055e-22
3.782850342e-01  0.000000000e+00
3.807301956e-01  0.000000000e+00
3.831753571e-01  0.000000000e+00
3.856205185e-01  0.000000000e+00
3.880656800e-01  0.000000000e+00
3.905108414e-01  0.000000000e+00
3.929560029e-01  0.000000000e+00
3.954011643e-01  0.000000000e+00
3.978463258e-01  0.000000000e+00
4.002914872e-01  0.000000000e+00
4.027366487e-01  1.724671243e-34
4.051818102e-01  9.674290861e-22
4.076269716e-01  2.088925468e-21
4.100721331e-01  3.226094818e-21
4.125172945e-01  4.240542812e-21
4.149624560e-01  4.993875121e-21
4.174076174e-01  5.347697422e-21
4.198527789e-01  5.163615386e-21
4.222979403e-01  4.303234688e-21
4.247431018e-01  2.628161001e-21
4.271882632e-01  0.000000000e+00
4.296334247e-01  0.000000000e+00
4.320785861e-01  0.000000000e+00
4.345237476e-01  0.000000000e+00
4.369689090e-01  0.000000000e+00
4.394140705e-01  0.000000000e+00
4.418592320e-01  0.000000000e+00
4.443043934e-01  0.000000000e+00
4.467495549e-01  0.000000000e+00
4.491947163e-01  0.000000000e+00
4.516398778e-01  2.663261170e-33
4.540850392e-01  1.347454883e-20
4.565302007e-01  2.909497829e-20
4.589753621e-01  4.493370408e-20
4.614205236e-01  5.906314189e-20
4.638656850e-01  6.955570742e-20
4.663108465e-01  7.448381635e-20
4.687560079e-01  7.191988438e-20
4.712011694e-01  5.993632720e-20
4.736463308e-01  3.660556051e-20
4.760914923e-01  0.000000000e+00
4.785366538e-01  0.000000000e+00
4.809818152e-01  0.000000000e+00
4.834269767e-01  0.000000000e+00
4.858721381e-01  0.000000000e+00
4.883172996e-01  0.000000000e+00
4.907624610e-01  0.000000000e+00
4.932076225e-01  0.000000000e+00
4.956527839e-01  0.000000000e+00
4.980979454e-01  0.000000000e+00
5.005431068e-01  5.200495417e-32
5.029882683e-01  1.876762545e-19
5.054334297e-01  4.052407706e-19
5.078785912e-01  6.258457623e-19
5.103237526e-01  8.226434436e-19
5.127689141e-01  9.687860287e-19
5.152140756e-01  1.037425731e-18
5.176592370e-01  1.001714766e-18
5.201043985e-01  8.348053462e-19
5.225495599e-01  5.098496862e-19
5.249947214e-01  0.000000000e+00
5.274398828e-01  0.000000000e+00
5.298850443e-01  0.000000000e+00
5.323302057e-01  0.000000000e+00
5.347753672e-01  0.000000000e+00
5.372205286e-01  0.000000000e+00
5.396656901e-01  0.000000000e+00
5.421108515e-01  0.000000000e+00
5.445560130e-01  0.000000000e+00
5.470011744e-01  0.000000000e+00
5.494463359e-01  9.320122028e-31
5.518914974e-01  2.613993014e-18
5.543366588e-01  5.644275810e-18
5.567818203e-01  8.716906968e-18
5.592269817e-01  1.145794507e-17
5.616721432e-01  1.349344869e-17
5.641173046e-01  1.444947642e-17
5.665624661e-01  1.395208684e-17
5.690076275e-01  1.162733852e-17
5.714527890e-01  7.101290046e-18
5.738979504e-01  0.000000000e+00
5.763431119e-01  0.000000000e+00
5.787882733e-01  0.000000000e+00
5.812334348e-01  0.000000000e+00
5.836785962e-01  0.000000000e+00
5.861237577e-01  0.000000000e+00
5.885689192e-01  0.000000000e+00
5.910140806e-01  0.000000000e+00
5.934592421e-01  0.000000000e+00
5.959044035e-01  0.000000000e+00
5.983495650e-01  1.298125537e-29
6.007947264e-01  3.640822594e-17
6.032398879e-01  7.861462057e-17
6.056850493e-01  1.214108518e-16
6.081302108e-01  1.595885875e-16
6.105753722e-01  1.879394957e-16
6.130205337e-01  2.012552442e-16
6.154656951e-01  1.943275010e-16
6.179108566e-01  1.619479339e-16
6.203560180e-01  9.890821096e-17
6.228011795e-01  0.000000000e+00
6.252463410e-01  0.000000000e+00
6.276915024e-01  0.000000000e+00
6.301366639e-01  0.000000000e+00
6.325818253e-01  0.000000000e+00
6.350269868e-01  0.000000000e+00
6.374721482e-01  0.000000000e+00
6.399173097e-01  0.000000000e+00
6.423624711e-01  0.000000000e+00
6.448076326e-01  0.000000000e+00
6.472527940e-01  2.009496611e-28
6.496979555e-01  5.071011702e-16
6.521431169e-01  1.094960412e-15
6.545882784e-01  1.691035018e-15
6.570334399e-01  2.222782280e-15
6.594786013e-01  2.617659491e-15
6.619237628e-01  2.803123942e-15
6.643689242e-01  2.706632927e-15
6.668140857e-01  2.255643736e-15
6.692592471e-01  1.377613663e-15
6.717044086e-01  0.000000000e+00
6.741495700e-01  0.000000000e+00
6.765947315e-01  0.000000000e+00
6.790398929e-01  0.000000000e+00
6.814850544e-01  0.000000000e+00
6.839302158e-01  0.000000000e+00
6.863753773e-01  0.000000000e+00
6.888205387e-01  0.000000000e+00
6.912657002e-01  0.000000000e+00
6.937108617e-01  0.000000000e+00
6.961560231e-01  7.285002394e-27
6.986011846e-01  7.063008156e-15
7.010463460e-01  1.525083115e-14
7.034915075e-01  2.355307940e-14
7.059366689e-01  3.095936334e-14
7.083818304e-01  3.645929338e-14
7.108269918e-01  3.904247995e-14
7.132721533e-01  3.769853347e-14
7.157173147e-01  3.141706437e-14
7.181624762e-01  1.918768308e-14
7.206076376e-01  0.000000000e+00
7.230527991e-01  0.000000000e+00
7.254979605e-01  0.000000000e+00
7.279431220e-01  0.000000000e+00
7.303882835e-01  0.000000000e+00
7.328334449e-01  0.000000000e+00
7.352786064e-01  0.000000000e+00
7.377237678e-01  0.000000000e+00
7.401689293e-01  0.000000000e+00
7.426140907e-01  0.000000000e+00
7.450592522e-01  4.679890077e-26
7.475044136e-01  9.837501302e-14
7.499495751e-01  2.124166757e-13
7.523947365e-01  3.280520766e-13
7.548398980e-01  4.312083044e-13
7.572850594e-01  5.078124478e-13
7.597302209e-01  5.437915953e-13
7.621753823e-01  5.250728357e-13
7.646205438e-01  4.375832575e-13
7.670657053e-01  2.672499494e-13
7.695108667e-01  0.000000000e+00
7.719560282e-01  0.000000000e+00
7.744011896e-01  0.000000000e+00
7.768463511e-01  0.000000000e+00
7.792915125e-01  0.000000000e+00
7.817366740e-01  0.000000000e+00
7.841818354e-01  0.000000000e+00
7.866269969e-01  0.000000000e+00
7.890721583e-01  0.000000000e+00
7.915173198e-01  0.000000000e+00
7.939624812e-01  8.134008243e-18
7.964076427e-01  1.370197944e-12
7.988528041e-01  2.958596228e-12
8.012979656e-01  4.569192326e-12
8.037431271e-01  6.005975574e-12
8.061882885e-01  7.072935311e-12
8.086334500e-01  7.574060873e-12
8.110786114e-01  7.313341599e-12
8.135237729e-01  6.094766826e-12
8.159689343e-01  3.722325892e-12
8.184140958e-01  8.134004499e-18
8.208592572e-01  0.000000000e+00
8.233044187e-01  0.000000000e+00
8.257495801e-01  0.000000000e+00
8.281947416e-01  0.000000000e+00
8.306399030e-01  0.000000000e+00
8.330850645e-01  0.000000000e+00
8.355302259e-01  0.000000000e+00
8.379753874e-01  0.000000000e+00
8.404205489e-01  0.000000000e+00
8.428657103e-01  1.209280993e-23
8.453108718e-01  1.908427354e-11
8.477560332e-01  4.120780103e-11
8.502011947e-01  6.364050611e-11
8.526463561e-01  8.365231243e-11
8.550915176e-01  9.851314363e-11
8.575366790e-01  1.054929233e-10
8.599818405e-01  1.018615752e-10
8.624270019e-01  8.488902281e-11
8.648721634e-01  5.184518988e-11
8.673173248e-01  0.000000000e+00
8.697624863e-01  0.000000000e+00
8.722076477e-01  0.000000000e+00
8.746528092e-01  0.000000000e+00
8.770979707e-01  0.000000000e+00
8.795431321e-01  0.000000000e+00
8.819882936e-01  0.000000000e+00
8.844334550e-01  0.000000000e+00
8.868786165e-01  0.000000000e+00
8.893237779e-01  0.000000000e+00
8.917689394e-01  1.789884053e-22
8.942141008e-01  2.658096458e-10
8.966592623e-01  5.739506364e-10
8.991044237e-01  8.863979137e-10
9.015495852e-01  1.165126420e-09
9.039947466e-01  1.372111096e-09
9.064399081e-01  1.469326884e-09
9.088850695e-01  1.418748727e-09
9.113302310e-01  1.182351566e-09
9.137753925e-01  7.221103431e-10
9.162205539e-01  0.000000000e+00
9.186657154e-01  0.000000000e+00
9.211108768e-01  0.000000000e+00
9.235560383e-01  0.000000000e+00
9.260011997e-01  0.000000000e+00
9.284463612e-01  0.000000000e+00
9.308915226e-01  0.000000000e+00
9.333366841e-01  0.000000000e+00
9.357818455e-01  0.000000000e+00
9.382270070e-01  0.000000000e+00
9.406721684e-01  2.486821008e-21
9.431173299e-01  3.702250773e-09
9.455624914e-01  7.994101148e-09
9.480076528e-01  1.234593042e-08
9.504528143e-01  1.622811787e-08
9.528979757e-01  1.911104281e-08
9.553431372e-01  2.046508452e-08
9.577882986e-01  1.976062229e-08
9.602334601e-01  1.646803542e-08
9.626786215e-01  1.005770319e-08
9.651237830e-01  4.906090363e-15
9.675689444e-01  0.000000000e+00
9.700141059e-01  2.084721035e-08
9.724592673e-01  1.249747493e-07
9.749044288e-01  3.448886012e-07
9.773495902e-01  7.205765325e-07
9.797947517e-01  1.292026310e-06
9.822399132e-01  2.099225700e-06
9.846850746e-01  3.182162469e-06
9.871302361e-01  4.580824383e-06
9.895753975e-01  6.335199210e-06
9.920205590e-01  8.461225660e-06
9.944657204e-01  1.087864622e-05
9.969108819e-01  1.348315431e-05
9.993560433e-01  1.617044337e-05
1.001801205e+00  1.883620683e-05
1.004246366e+00  2.137613811e-05
1.006691528e+00  2.368593065e-05
1.009136689e+00  2.566127787e-05
1.011581851e+00  2.719787320e-05
1.014027012e+00  2.819141008e-05
1.016472173e+00  2.859486971e-05
1.018917335e+00  2.859038443e-05
1.021362496e+00  2.841737436e-05
1.023807658e+00  2.831525963e-05
1.026252819e+00  2.852346035e-05
1.028697981e+00  2.928139664e-05
1.031143142e+00  3.082848862e-05
1.033588304e+00  3.340415642e-05
1.036033465e+00  3.724782015e-05
1.038478627e+00  4.259889994e-05
1.040923788e+00  4.960228701e-05
1.043368949e+00  5.802475705e-05
1.045814111e+00  6.753855685e-05
1.048259272e+00  7.781593320e-05
1.050704434e+00  8.852913289e-05
1.053149595e+00  9.935040273e-05
1.055594757e+00  1.099519895e-04
1.058039918e+00  1.200061400e-04
1.060485080e+00  1.291851010e-04
1.062930241e+00  1.371611193e-04
1.065375403e+00  1.437118640e-04
1.067820564e+00  1.490366932e-04
1.070265725e+00  1.534403876e-04
1.072710887e+00  1.572277276e-04
1.075156048e+00  1.607034937e-04
1.077601210e+00  1.641724665e-04
1.080046371e+00  1.679394263e-04
1.082491533e+00  1.723091537e-04
1.084936694e+00  1.775864293e-04
1.087381856e+00  1.840760335e-04
1.089827017e+00  1.920092598e-04
1.092272179e+00  2.013234537e-04
1.094717340e+00  2.118824737e-04
1.097162501e+00  2.235501783e-04
1.099607663e+00  2.361904259e-04
1.102052824e+00  2.496670751e-04
1.104497986e+00  2.638439843e-04
1.106943147e+00  2.785850121e-04
1.109388309e+00  2.937540168e-04
1.111833470e+00  3.092148571e-04
1.114278632e+00  3.249910046e-04
1.116723793e+00  3.417443845e-04
1.119168955e+00  3.602965351e-04
1.121614116e+00  3.814689948e-04
1.124059277e+00  4.060833020e-04
1.126504439e+00  4.349609951e-04
1.128949600e+00  4.689236124e-04
1.131394762e+00  5.087926922e-04
1.133839923e+00  5.553897731e-04
1.136285085e+00  6.095363933e-04
1.138730246e+00  6.716450671e-04
1.141175408e+00  7.404922124e-04
1.143620569e+00  8.144452227e-04
1.146065731e+00  8.918714919e-04
1.148510892e+00  9.711384135e-04
1.150956053e+00  1.050613381e-03
1.153401215e+00  1.128663789e-03
1.155846376e+00  1.203657030e-03
1.158291538e+00  1.273960499e-03
1.160736699e+00  1.337941589e-03
1.163181861e+00  1.394507712e-03
1.165627022e+00  1.444726361e-03
1.168072184e+00  1.490205046e-03
1.170517345e+00  1.532551276e-03
1.172962507e+00  1.573372564e-03
1.175407668e+00  1.614276419e-03
1.177852829e+00  1.656870351e-03
1.180297991e+00  1.702761872e-03
1.182743152e+00  1.753558491e-03
1.185188314e+00  1.810867720e-03
1.187633475e+00  1.875638852e-03
1.190078637e+00  1.946188318e-03
1.192523798e+00  2.020174333e-03
1.194968960e+00  2.095255110e-03
1.197414121e+00  2.169088864e-03
1.199859283e+00  2.239333808e-03
1.202304444e+00  2.303648158e-03
1.204749605e+00  2.359690127e-03
1.207194767e+00  2.405117930e-03
1.209639928e+00  2.437589780e-03
1.212085090e+00  2.455834328e-03
1.214530251e+00  2.462861965e-03
1.216975413e+00  2.462753516e-03
1.219420574e+00  2.459589808e-03
1.221865736e+00  2.457451668e-03
1.224310897e+00  2.460419922e-03
1.226756058e+00  2.472575397e-03
1.229201220e+00  2.497998918e-03
1.231646381e+00  2.540771313e-03
1.234091543e+00  2.604973407e-03
1.236536704e+00  2.693399175e-03
1.238981866e+00  2.803695177e-03
1.241427027e+00  2.932221121e-03
1.243872189e+00  3.075336717e-03
1.246317350e+00  3.229401672e-03
1.248762512e+00  3.390775695e-03
1.251207673e+00  3.555818494e-03
1.253652834e+00  3.720889778e-03
1.256097996e+00  3.882349254e-03
1.258543157e+00  4.036556631e-03
1.260988319e+00  4.180550790e-03
1.263433480e+00  4.314087303e-03
1.265878642e+00  4.437600916e-03
1.268323803e+00  4.551526374e-03
1.270768965e+00  4.656298421e-03
1.273214126e+00  4.752351803e-03
1.275659288e+00  4.840121265e-03
1.278104449e+00  4.920041552e-03
1.280549610e+00  4.992547409e-03
1.282994772e+00  5.058073581e-03
1.285439933e+00  5.117234541e-03
1.287885095e+00  5.171363676e-03
1.290330256e+00  5.221974099e-03
1.292775418e+00  5.270578924e-03
1.295220579e+00  5.318691267e-03
1.297665741e+00  5.367824240e-03
1.300110902e+00  5.419490959e-03
1.302556064e+00  5.475204536e-03
1.305001225e+00  5.536478087e-03
1.307446386e+00  5.604824726e-03
1.309891548e+00  5.681321467e-03
1.312336709e+00  5.765300926e-03
1.314781871e+00  5.855659622e-03
1.317227032e+00  5.951294070e-03
1.319672194e+00  6.051100790e-03
1.322117355e+00  6.153976296e-03
1.324562517e+00  6.258817108e-03
1.327007678e+00  6.364519741e-03
1.329452840e+00  6.469980714e-03
1.331898001e+00  6.574096543e-03
1.334343162e+00  6.675785367e-03
1.336788324e+00  6.774051804e-03
1.339233485e+00  6.867922098e-03
1.341678647e+00  6.956422488e-03
1.344123808e+00  7.038579216e-03
1.346568970e+00  7.113418523e-03
1.349014131e+00  7.179966650e-03
1.351459293e+00  7.237249838e-03
1.353904454e+00  7.284294327e-03
1.356349616e+00  7.320126360e-03
1.358794777e+00  7.344067449e-03
1.361239938e+00  7.356620191e-03
1.363685100e+00  7.358582458e-03
1.366130261e+00  7.350752118e-03
1.368575423e+00  7.333927041e-03
1.371020584e+00  7.308905098e-03
1.373465746e+00  7.276484158e-03
1.375910907e+00  7.237462091e-03
1.378356069e+00  7.192636766e-03
1.380801230e+00  7.142806054e-03
1.383246392e+00  7.088853108e-03
1.385691553e+00  7.032002216e-03
1.388136714e+00  6.973562948e-03
1.390581876e+00  6.914844875e-03
1.393027037e+00  6.857157570e-03
1.395472199e+00  6.801810601e-03
1.397917360e+00  6.750113542e-03
1.400362522e+00  6.703375962e-03
1.402807683e+00  6.662907433e-03
1.405252845e+00  6.630017526e-03
1.407698006e+00  6.605787264e-03
1.410143167e+00  6.590383480e-03
1.412588329e+00  6.583744459e-03
1.415033490e+00  6.585808486e-03
1.417478652e+00  6.596513847e-03
1.419923813e+00  6.615798826e-03
1.422368975e+00  6.643601710e-03
1.424814136e+00  6.679860782e-03
1.427259298e+00  6.724514329e-03
1.429704459e+00  6.777500634e-03
1.432149621e+00  6.837984778e-03
1.434594782e+00  6.902039015e-03
1.437039943e+00  6.964962393e-03
1.439485105e+00  7.022053961e-03
1.441930266e+00  7.068612767e-03
1.444375428e+00  7.099937859e-03
1.446820589e+00  7.111328287e-03
1.449265751e+00  7.098083097e-03
1.451710912e+00  7.055501340e-03
1.454156074e+00  6.978882063e-03
1.456601235e+00  6.865662835e-03
1.459046397e+00  6.721835309e-03
1.461491558e+00  6.555529656e-03
1.463936719e+00  6.374876050e-03
1.466381881e+00  6.188004664e-03
1.468827042e+00  6.003045669e-03
1.471272204e+00  5.828129239e-03
1.473717365e+00  5.671385546e-03
1.476162527e+00  5.540944763e-03
1.478607688e+00  5.444937063e-03
1.481052850e+00  5.388976091e-03
1.483498011e+00  5.368609385e-03
1.485943173e+00  5.376867958e-03
1.488388334e+00  5.406782819e-03
1.490833495e+00  5.451384982e-03
1.493278657e+00  5.503705456e-03
1.495723818e+00  5.556775253e-03
1.498168980e+00  5.603625384e-03
1.500614141e+00  5.637286862e-03
1.503059303e+00  5.650790697e-03
1.505504464e+00  5.638822237e-03
1.507949626e+00  5.602684179e-03
1.510394787e+00  5.545333554e-03
1.512839949e+00  5.469727397e-03
1.515285110e+00  5.378822739e-03
1.517730271e+00  5.275576614e-03
1.520175433e+00  5.162946055e-03
1.522620594e+00  5.043888094e-03
1.525065756e+00  4.921359763e-03
1.527510917e+00  4.798318097e-03
1.529956079e+00  4.677391302e-03
1.532401240e+00  4.559892286e-03
1.534846402e+00  4.446805130e-03
1.537291563e+00  4.339113916e-03
1.539736725e+00  4.237802726e-03
1.542181886e+00  4.143855641e-03
1.544627047e+00  4.058256745e-03
1.547072209e+00  3.981990118e-03
1.549517370e+00  3.916039842e-03
1.551962532e+00  3.861389999e-03
1.554407693e+00  3.818441362e-03
1.556852855e+00  3.785261468e-03
1.559298016e+00  3.759334544e-03
1.561743178e+00  3.738144819e-03
1.564188339e+00  3.719176519e-03
1.566633501e+00  3.699913873e-03
1.569078662e+00  3.677841108e-03
1.571523823e+00  3.650442453e-03
1.573968985e+00  3.615202135e-03
1.576414146e+00  3.569604381e-03
1.578859308e+00  3.511881315e-03
1.581304469e+00  3.443256641e-03
1.583749631e+00  3.365701957e-03
1.586194792e+00  3.281188862e-03
1.588639954e+00  3.191688955e-03
1.591085115e+00  3.099173835e-03
1.593530276e+00  3.005615101e-03
1.595975438e+00  2.912984352e-03
1.598420599e+00  2.823253187e-03
1.600865761e+00  2.738393204e-03
1.603310922e+00  2.660020569e-03
1.605756084e+00  2.588329713e-03
1.608201245e+00  2.523159633e-03
1.610646407e+00  2.464349326e-03
1.613091568e+00  2.411737790e-03
1.615536730e+00  2.365164023e-03
1.617981891e+00  2.324467020e-03
1.620427052e+00  2.289485780e-03
1.622872214e+00  2.260059300e-03
1.625317375e+00  2.236026576e-03
1.627762537e+00  2.216914125e-03
1.630207698e+00  2.200998531e-03
1.632652860e+00  2.186243898e-03
1.635098021e+00  2.170614327e-03
1.637543183e+00  2.152073921e-03
1.639988344e+00  2.128586784e-03
1.642433506e+00  2.098117019e-03
1.644878667e+00  2.058628727e-03
1.647323828e+00  2.008086013e-03
1.649768990e+00  1.944452978e-03
1.652214151e+00  1.866634769e-03
1.654659313e+00  1.777300706e-03
1.657104474e+00  1.680061150e-03
1.659549636e+00  1.578526466e-03
1.661994797e+00  1.476307016e-03
1.664439959e+00  1.377013163e-03
1.666885120e+00  1.284255269e-03
1.669330282e+00  1.201643698e-03
1.671775443e+00  1.132788812e-03
1.674220604e+00  1.081300974e-03
1.676665766e+00  1.049602732e-03
1.679110927e+00  1.035365370e-03
1.681556089e+00  1.035072357e-03
1.684001250e+00  1.045207161e-03
1.686446412e+00  1.062253252e-03
1.688891573e+00  1.082694099e-03
1.691336735e+00  1.103013170e-03
1.693781896e+00  1.119693935e-03
1.696227058e+00  1.129219862e-03
1.698672219e+00  1.128074420e-03
1.701117380e+00  1.113645769e-03
1.703562542e+00  1.086940832e-03
1.706007703e+00  1.049871225e-03
1.708452865e+00  1.004348561e-03
1.710898026e+00  9.522844544e-04
1.713343188e+00  8.955905205e-04
1.715788349e+00  8.361783734e-04
1.718233511e+00  7.759596275e-04
1.720678672e+00  7.168458974e-04
1.723123834e+00  6.607487974e-04
1.725568995e+00  6.092241292e-04
1.728014156e+00  5.624044439e-04
1.730459318e+00  5.200664795e-04
1.732904479e+00  4.819869742e-04
1.735349641e+00  4.479426661e-04
1.737794802e+00  4.177102935e-04
1.740239964e+00  3.910665944e-04
1.742685125e+00  3.677883071e-04
1.745130287e+00  3.476521697e-04
1.747575448e+00  3.304349204e-04
1.750020610e+00  3.159116326e-04
1.752465771e+00  3.038507208e-04
1.754910932e+00  2.940189348e-04
1.757356094e+00  2.861830244e-04
1.759801255e+00  2.801097392e-04
1.762246417e+00  2.755658292e-04
1.764691578e+00  2.723180441e-04
1.767136740e+00  2.701331336e-04
1.769581901e+00  2.687778476e-04
1.772027063e+00  2.680189357e-04
1.774472224e+00  2.676315132e-04
1.776917386e+00  2.674241565e-04
1.779362547e+00  2.672138075e-04
1.781807708e+00  2.668174080e-04
1.784252870e+00  2.660518998e-04
1.786698031e+00  2.647342249e-04
1.789143193e+00  2.626813250e-04
1.791588354e+00  2.597101420e-04
1.794033516e+00  2.556376178e-04
1.796478677e+00  2.502806942e-04
1.798923839e+00  2.435288574e-04
1.801369000e+00  2.355617706e-04
1.803814161e+00  2.266316416e-04
1.806259323e+00  2.169906780e-04
1.808704484e+00  2.068910875e-04
1.811149646e+00  1.965850777e-04
1.813594807e+00  1.863248563e-04
1.816039969e+00  1.763626309e-04
1.818485130e+00  1.669506092e-04
1.820930292e+00  1.583409989e-04
1.823375453e+00  1.507281870e-04
1.825820615e+00  1.440752786e-04
1.828265776e+00  1.382875582e-04
1.830710937e+00  1.332703103e-04
1.833156099e+00  1.289288194e-04
1.835601260e+00  1.251683700e-04
1.838046422e+00  1.218942466e-04
1.840491583e+00  1.190117336e-04
1.842936745e+00  1.164261157e-04
1.845381906e+00  1.140426773e-04
1.847827068e+00  1.117700950e-04
1.850272229e+00  1.095306135e-04
1.852717391e+00  1.072498696e-04
1.855162552e+00  1.048535001e-04
1.857607713e+00  1.022671420e-04
1.860052875e+00  9.941643193e-05
1.862498036e+00  9.622700678e-05
1.864943198e+00  9.262450337e-05
1.867388359e+00  8.853455851e-05
1.869833521e+00  8.388280901e-05
1.872278682e+00  7.862974268e-05
1.874723844e+00  7.287525117e-05
1.877169005e+00  6.675407712e-05
1.879614167e+00  6.040096317e-05
1.882059328e+00  5.395065197e-05
1.884504489e+00  4.753788614e-05
1.886949651e+00  4.129740832e-05
1.889394812e+00  3.536396115e-05
1.891839974e+00  2.987228727e-05
1.894285135e+00  2.495712933e-05
1.896730297e+00  2.072412829e-05
1.899175458e+00  1.716251851e-05
1.901620620e+00  1.423243269e-05
1.904065781e+00  1.189400352e-05
1.906510943e+00  1.010736371e-05
1.908956104e+00  8.832645943e-06
1.911401265e+00  8.029982925e-06
1.913846427e+00  7.659507348e-06
1.916291588e+00  7.681351910e-06
1.918736750e+00  8.055649308e-06
1.921181911e+00  8.735427855e-06
1.923627073e+00  9.645298337e-06
1.926072234e+00  1.070276715e-05
1.928517396e+00  1.182534071e-05
1.930962557e+00  1.293052540e-05
1.933407719e+00  1.393582764e-05
1.935852880e+00  1.475875382e-05
1.938298041e+00  1.531681034e-05
1.940743203e+00  1.552750361e-05
1.943188364e+00  1.530834003e-05
1.945633526e+00  1.460550008e-05
1.948078687e+00  1.347986061e-05
1.950523849e+00  1.202097254e-05
1.952969010e+00  1.031838679e-05
1.955414172e+00  8.461654288e-06
1.957859333e+00  6.540325960e-06
1.960304495e+00  4.643952728e-06
1.962749656e+00  2.862085519e-06
1.965194817e+00  1.284275255e-06
1.967639979e+00  7.286202210e-11
1.970085140e+00  0.000000000e+00
1.972530302e+00  0.000000000e+00
1.974975463e+00  0.000000000e+00
1.977420625e+00  0.000000000e+00
1.979865786e+00  0.000000000e+00
1.982310948e+00  0.000000000e+00
1.984756109e+00  0.000000000e+00
1.987201270e+00  0.000000000e+00
1.989646432e+00  0.000000000e+00
1.992091593e+00  2.175610218e-15
1.994536755e+00  2.505145505e-07
1.996981916e+00  4.120197404e-07
1.999427078e+00  4.972992854e-07
2.001872239e+00  5.191368991e-07
2.004317401e+00  4.903162951e-07
2.006762562e+00  4.236211871e-07
2.009207724e+00  3.318352886e-07
2.011652885e+00  2.277423133e-07
2.014098046e+00  1.241259748e-07
2.016543208e+00  3.376998674e-08
2.018988369e+00  0.000000000e+00
2.021433531e+00  0.000000000e+00
2.023878692e+00  0.000000000e+00
2.026323854e+00  0.000000000e+00
2.028769015e+00  0.000000000e+00
2.031214177e+00  0.000000000e+00
2.033659338e+00  0.000000000e+00
2.036104500e+00  0.000000000e+00
2.038549661e+00  0.000000000e+00
2.040994822e+00  3.519310129e-16
2.043439984e+00  1.549604415e-08
2.045885145e+00  2.537251124e-08
2.048330307e+00  3.044540712e-08
2.050775468e+00  3.153073732e-08
2.053220630e+00  2.944450733e-08
2.055665791e+00  2.500272268e-08
2.058110953e+00  1.902138887e-08
2.060556114e+00  1.231651141e-08
2.063001276e+00  5.704095820e-09
2.065446437e+00  1.476015242e-13
2.067891598e+00  0.000000000e+00
2.070336760e+00  0.000000000e+00
2.072781921e+00  0.000000000e+00
2.075227083e+00  0.000000000e+00
2.077672244e+00  0.000000000e+00
2.080117406e+00  0.000000000e+00
2.082562567e+00  0.000000000e+00
2.085007729e+00  0.000000000e+00
2.087452890e+00  0.000000000e+00
2.089898052e+00  2.677396691e-12
2.092343213e+00  1.115181556e-09
2.094788374e+00  1.824124000e-09
2.097233536e+00  2.188109380e-09
2.099678697e+00  2.265742349e-09
2.102123859e+00  2.115627557e-09
2.104569020e+00  1.796369657e-09
2.107014182e+00  1.366573300e-09
2.109459343e+00  8.848431367e-10
2.111904505e+00  4.097838196e-10
2.114349666e+00  2.209938465e-21
2.116794828e+00  0.000000000e+00
2.119239989e+00  0.000000000e+00
2.121685150e+00  0.000000000e+00
2.124130312e+00  0.000000000e+00
2.126575473e+00  0.000000000e+00
2.129020635e+00  0.000000000e+00
2.131465796e+00  0.000000000e+00
2.133910958e+00  0.000000000e+00
2.136356119e+00  0.000000000e+00
2.138801281e+00  4.747046241e-22
2.141246442e+00  7.992629883e-11
2.143691604e+00  1.308677898e-10
2.146136765e+00  1.570332510e-10
2.148581926e+00  1.626314604e-10
2.151027088e+00  1.518711961e-10
2.153472249e+00  1.289612360e-10
2.155917411e+00  9.811035839e-11
2.158362572e+00  6.352734114e-11
2.160807734e+00  2.942096233e-11
2.163252895e+00  2.489408813e-22
2.165698057e+00  0.000000000e+00
2.168143218e+00  0.000000000e+00
2.170588379e+00  0.000000000e+00
2.173033541e+00  0.000000000e+00
2.175478702e+00  0.000000000e+00
2.177923864e+00  0.000000000e+00
2.180369025e+00  0.000000000e+00
2.182814187e+00  0.000000000e+00
2.185259348e+00  0.000000000e+00
2.187704510e+00  2.719488879e-21
2.190149671e+00  5.738450199e-12
2.192594833e+00  9.395884839e-12
2.195039994e+00  1.127448058e-11
2.197485155e+00  1.167641406e-11
2.199930317e+00  1.090386193e-11
2.202375478e+00  9.259000855e-12
2.204820640e+00  7.044007472e-12
2.207265801e+00  4.561058436e-12
2.209710963e+00  2.112330395e-12
2.212156124e+00  0.000000000e+00
2.214601286e+00  0.000000000e+00
2.217046447e+00  0.000000000e+00
2.219491609e+00  0.000000000e+00
2.221936770e+00  0.000000000e+00
2.224381931e+00  0.000000000e+00
2.226827093e+00  0.000000000e+00
2.229272254e+00  0.000000000e+00
2.231717416e+00  0.000000000e+00
2.234162577e+00  0.000000000e+00
2.236607739e+00  1.166413161e-24
2.239052900e+00  4.120039661e-13
2.241498062e+00  6.745983149e-13
2.243943223e+00  8.094784083e-13
2.246388385e+00  8.383396085e-13
2.248833546e+00  7.828772775e-13
2.251278707e+00  6.647867774e-13
2.253723869e+00  5.057634703e-13
2.256169030e+00  3.275027183e-13
2.258614192e+00  1.516998833e-13
2.261059353e+00  5.032753127e-17
2.263504515e+00  0.000000000e+00
2.265949676e+00  0.000000000e+00
2.268394838e+00  0.000000000e+00
2.270839999e+00  0.000000000e+00
2.273285161e+00  0.000000000e+00
2.275730322e+00  0.000000000e+00
2.278175483e+00  0.000000000e+00
2.280620645e+00  0.000000000e+00
2.283065806e+00  0.000000000e+00
2.285510968e+00  1.174309071e-16
2.287956129e+00  2.969204347e-14
2.290401291e+00  4.853639519e-14
2.292846452e+00  5.820880425e-14
2.295291614e+00  6.026758883e-14
2.297736775e+00  5.627106709e-14
2.300181937e+00  4.777755723e-14
2.302627098e+00  3.634537741e-14
2.305072259e+00  2.353284581e-14
2.307517421e+00  1.089828062e-14
2.309962582e+00  0.000000000e+00
2.312407744e+00  0.000000000e+00
2.314852905e+00  0.000000000e+00
2.317298067e+00  0.000000000e+00
2.319743228e+00  0.000000000e+00
2.322188390e+00  0.000000000e+00
2.324633551e+00  0.000000000e+00
2.327078713e+00  0.000000000e+00
2.329523874e+00  0.000000000e+00
2.331969035e+00  0.000000000e+00
2.334414197e+00  6.479039069e-27
2.336859358e+00  2.125646492e-15
2.339304520e+00  3.480439635e-15
2.341749681e+00  4.176312227e-15
2.344194843e+00  4.325197066e-15
2.346640004e+00  4.039026951e-15
2.349085166e+00  3.429734680e-15
2.351530327e+00  2.609253051e-15
2.353975489e+00  1.689514863e-15
2.356420650e+00  7.824529127e-16
2.358865811e+00  0.000000000e+00
2.361310973e+00  0.000000000e+00
2.363756134e+00  0.000000000e+00
2.366201296e+00  0.000000000e+00
2.368646457e+00  0.000000000e+00
2.371091619e+00  0.000000000e+00
2.373536780e+00  0.000000000e+00
2.375981942e+00  0.000000000e+00
2.378427103e+00  0.000000000e+00
2.380872264e+00  0.000000000e+00
2.383317426e+00  4.651919260e-28
2.385762587e+00  1.526145517e-16
2.388207749e+00  2.498843230e-16
2.390652910e+00  2.998457273e-16
2.393098072e+00  3.105351778e-16
2.395543233e+00  2.899890879e-16
2.397988395e+00  2.462438710e-16
2.400433556e+00  1.873359405e-16
2.402878718e+00  1.213017095e-16
2.405323879e+00  5.617759160e-17
2.407769040e+00  0.000000000e+00
2.410214202e+00  0.000000000e+00
2.412659363e+00  0.000000000e+00
2.415104525e+00  0.000000000e+00
2.417549686e+00  0.000000000e+00
2.419994848e+00  0.000000000e+00
2.422440009e+00  0.000000000e+00
2.424885171e+00  0.000000000e+00
2.427330332e+00  0.000000000e+00
2.429775494e+00  0.000000000e+00
2.432220655e+00  3.102075875e-29
2.434665816e+00  1.095723183e-17
2.437110978e+00  1.794088720e-17
2.439556139e+00  2.152795463e-17
2.442001301e+00  2.229542265e-17
2.444446462e+00  2.082027977e-17
2.446891624e+00  1.767951450e-17
2.449336785e+00  1.345011538e-17
2.451781947e+00  8.709070906e-18
2.454227108e+00  4.033369607e-18
2.456672270e+00  0.000000000e+00
2.459117431e+00  0.000000000e+00
2.461562592e+00  0.000000000e+00
2.464007754e+00  0.000000000e+00
2.466452915e+00  0.000000000e+00
2.468898077e+00  0.000000000e+00
2.471343238e+00  0.000000000e+00
2.473788400e+00  0.000000000e+00
2.476233561e+00  0.000000000e+00
2.478678723e+00  0.000000000e+00
2.481123884e+00  2.397868787e-30
2.483569046e+00  7.866938502e-19
2.486014207e+00  1.288097747e-18
2.488459368e+00  1.545637601e-18
2.490904530e+00  1.600739326e-18
2.493349691e+00  1.494828832e-18
2.495794853e+00  1.269332032e-18
2.498240014e+00  9.656748366e-19
2.500685176e+00  6.252831584e-19
2.503130337e+00  2.895829089e-19
2.505575499e+00  0.000000000e+00
2.508020660e+00  0.000000000e+00
2.510465822e+00  0.000000000e+00
2.512910983e+00  0.000000000e+00
2.515356144e+00  0.000000000e+00
2.517801306e+00  0.000000000e+00
2.520246467e+00  0.000000000e+00
2.522691629e+00  0.000000000e+00
2.525136790e+00  0.000000000e+00
2.527581952e+00  0.000000000e+00
2.530027113e+00  1.599050672e-31
2.532472275e+00  5.648207721e-20
2.534917436e+00  9.248125731e-20
2.537362598e+00  1.109717869e-19
2.539807759e+00  1.149279128e-19
2.542252920e+00  1.073238814e-19
2.544698082e+00  9.113393959e-20
2.547143243e+00  6.933233387e-20
2.549588405e+00  4.489331093e-20
2.552033566e+00  2.079111743e-20
2.554478728e+00  0.000000000e+00
2.556923889e+00  0.000000000e+00
2.559369051e+00  0.000000000e+00
2.561814212e+00  0.000000000e+00
2.564259373e+00  0.000000000e+00
2.566704535e+00  0.000000000e+00
2.569149696e+00  0.000000000e+00
2.571594858e+00  0.000000000e+00
2.574040019e+00  0.000000000e+00
2.576485181e+00  0.000000000e+00
2.578930342e+00  1.236047487e-32
2.581375504e+00  4.055230691e-21
2.583820665e+00  6.639855535e-21
2.586265827e+00  7.967415833e-21
2.588710988e+00  8.251452888e-21
2.591156149e+00  7.705508002e-21
2.593601311e+00  6.543122475e-21
2.596046472e+00  4.977837609e-21
2.598491634e+00  3.223194707e-21
2.600936795e+00  1.492735070e-21
2.603381957e+00  0.000000000e+00
2.605827118e+00  0.000000000e+00
2.608272280e+00  0.000000000e+00
2.610717441e+00  0.000000000e+00
2.613162603e+00  0.000000000e+00
2.615607764e+00  0.000000000e+00
2.618052925e+00  0.000000000e+00
2.620498087e+00  0.000000000e+00
2.622943248e+00  0.000000000e+00
2.625388410e+00  0.000000000e+00
2.627833571e+00  9.509969070e-34
2.630278733e+00  2.911524641e-22
2.632723894e+00  4.767201788e-22
2.635169056e+00  5.720347199e-22
2.637614217e+00  5.924276629e-22
2.640059379e+00  5.532305836e-22
2.642504540e+00  4.697750576e-22
2.644949701e+00  3.573926606e-22
2.647394863e+00  2.314149682e-22
2.649840024e+00  1.071735561e-22
2.652285186e+00  0.000000000e+00
2.654730347e+00  0.000000000e+00
2.657175509e+00  0.000000000e+00
2.659620670e+00  0.000000000e+00
2.662065832e+00  0.000000000e+00
2.664510993e+00  0.000000000e+00
2.666956155e+00  0.000000000e+00
2.669401316e+00  0.000000000e+00
2.671846477e+00  0.000000000e+00
2.674291639e+00  0.000000000e+00
2.676736800e+00  7.281371233e-35
2.679181962e+00  2.090380642e-23
2.681627123e+00  3.422696890e-23
2.684072285e+00  4.107024506e-23
2.686517446e+00  4.253439249e-23
2.688962608e+00  3.972016882e-23
2.691407769e+00  3.372833163e-23
2.693852931e+00  2.565963855e-23
2.696298092e+00  1.661484718e-23
2.698743253e+00  7.694715128e-24
2.701188415e+00  0.000000000e+00
2.703633576e+00  0.000000000e+00
2.706078738e+00  0.000000000e+00
2.708523899e+00  0.000000000e+00
2.710969061e+00  0.000000000e+00
2.713414222e+00  0.000000000e+00
2.715859384e+00  0.000000000e+00
2.718304545e+00  0.000000000e+00
2.720749707e+00  0.000000000e+00
2.723194868e+00  0.000000000e+00
2.725640029e+00  5.227789338e-36
2.728085191e+00  1.500825776e-24
2.730530352e+00  2.457385805e-24
2.732975514e+00  2.948710928e-24
2.735420675e+00  3.053831985e-24
2.737865837e+00  2.851779816e-24
2.740310998e+00  2.421585262e-24
2.742756160e+00  1.842279162e-24
2.745201321e+00  1.192892359e-24
2.747646482e+00  5.524556912e-25
2.750091644e+00  0.000000000e+00
2.752536805e+00  0.000000000e+00
2.754981967e+00  0.000000000e+00
2.757427128e+00  0.000000000e+00
2.759872290e+00  0.000000000e+00
2.762317451e+00  0.000000000e+00
2.764762613e+00  0.000000000e+00
2.767207774e+00  0.000000000e+00
2.769652936e+00  0.000000000e+00
2.772098097e+00  0.000000000e+00
2.774543258e+00  3.753384010e-37
2.776988420e+00  1.077544481e-25
2.779433581e+00  1.764323745e-25
2.781878743e+00  2.117079375e-25
2.784323904e+00  2.192552955e-25
2.786769066e+00  2.047486067e-25
2.789214227e+00  1.738620293e-25
2.791659389e+00  1.322697217e-25
2.794104550e+00  8.564584205e-26
2.796549712e+00  3.966454874e-26
2.798994873e+00  0.000000000e+00
2.801440034e+00  0.000000000e+00
2.803885196e+00  0.000000000e+00
2.806330357e+00  0.000000000e+00
2.808775519e+00  0.000000000e+00
2.811220680e+00  0.000000000e+00
2.813665842e+00  0.000000000e+00
2.816111003e+00  0.000000000e+00
2.818556165e+00  0.000000000e+00
2.821001326e+00  0.000000000e+00
2.823446488e+00  3.032582052e-38
2.825891649e+00  7.736496634e-27
2.828336810e+00  1.266743724e-26
2.830781972e+00  1.520019728e-26
2.833227133e+00  1.574215220e-26
2.835672295e+00  1.470067747e-26
2.838117456e+00  1.248314854e-26
2.840562618e+00  9.496940874e-27
2.843007779e+00  6.149429922e-27
2.845452941e+00  2.847991145e-27
2.847898102e+00  0.000000000e+00
2.850343264e+00  0.000000000e+00
2.852788425e+00  0.000000000e+00
2.855233586e+00  0.000000000e+00
2.857678748e+00  0.000000000e+00
2.860123909e+00  0.000000000e+00
2.862569071e+00  0.000000000e+00
2.865014232e+00  0.000000000e+00
2.867459394e+00  0.000000000e+00
2.869904555e+00  0.000000000e+00
2.872349717e+00  1.937459847e-39
2.874794878e+00  5.565048221e-28
2.877240040e+00  9.117468985e-28
2.879685201e+00  1.094824357e-27
2.882130362e+00  1.134835325e-27
2.884575524e+00  1.060877931e-27
2.887020685e+00  9.020503027e-28
2.889465847e+00  6.874505675e-28
2.891911008e+00  4.461768535e-28
2.894356170e+00  2.073272884e-28
2.896801331e+00  0.000000000e+00
2.899246493e+00  0.000000000e+00
2.901691654e+00  0.000000000e+00
2.904136816e+00  0.000000000e+00
2.906581977e+00  0.000000000e+00
2.909027138e+00  0.000000000e+00
2.911472300e+00  0.000000000e+00
2.913917461e+00  0.000000000e+00
2.916362623e+00  0.000000000e+00
2.918807784e+00  0.000000000e+00
2.921252946e+00  1.761755558e-40
2.923698107e+00  5.470576618e-29
2.926143269e+00  9.809846680e-29
2.928588430e+00  1.309857810e-28
2.931033592e+00  1.541753879e-28
2.933478753e+00  1.684749666e-28
2.935923914e+00  1.746921962e-28
2.938369076e+00  1.736347559e-28
2.940814237e+00  1.661103247e-28
2.943259399e+00  1.529265819e-28
2.945704560e+00  1.348912065e-28
2.948149722e+00  1.128118776e-28
2.950594883e+00  8.749627444e-29
2.953040045e+00  5.975207605e-29
2.955485206e+00  3.038696157e-29
2.957930367e+00  2.086101311e-31
