# Marginal distribution of cubic-spline interpolated points from nested sampling.
# Column #1: Parameter values
# Column #2: Marginal distribution values (probability only)
2.004240077e+02  4.628034132e-106
2.004664018e+02  0.000000000e+00
2.005087960e+02  0.000000000e+00
2.005511901e+02  0.000000000e+00
2.005935843e+02  0.000000000e+00
2.006359784e+02  0.000000000e+00
2.006783726e+02  0.000000000e+00
2.007207667e+02  0.000000000e+00
2.007631609e+02  0.000000000e+00
2.008055550e+02  0.000000000e+00
2.008479492e+02  2.435807438e-107
2.008903433e+02  7.064625833e-22
2.009327374e+02  1.507120178e-21
2.009751316e+02  2.307777772e-21
2.010175257e+02  3.014240356e-21
2.010599199e+02  3.532312917e-21
2.011023140e+02  3.767800444e-21
2.011447082e+02  3.626507928e-21
2.011871023e+02  3.014240356e-21
2.012294965e+02  1.836802717e-21
2.012718906e+02  0.000000000e+00
2.013142847e+02  0.000000000e+00
2.013566789e+02  0.000000000e+00
2.013990730e+02  0.000000000e+00
2.014414672e+02  0.000000000e+00
2.014838613e+02  0.000000000e+00
2.015262555e+02  0.000000000e+00
2.015686496e+02  0.000000000e+00
2.016110438e+02  0.000000000e+00
2.016534379e+02  0.000000000e+00
2.016958321e+02  1.094856394e-32
2.017382262e+02  9.353564603e-21
2.017806203e+02  2.019541038e-20
2.018230145e+02  3.118796818e-20
2.018654086e+02  4.099366884e-20
2.019078028e+02  4.827494319e-20
2.019501969e+02  5.169422210e-20
2.019925911e+02  4.991393639e-20
2.020349852e+02  4.159651691e-20
2.020773794e+02  2.540439450e-20
2.021197735e+02  0.000000000e+00
2.021621677e+02  0.000000000e+00
2.022045618e+02  0.000000000e+00
2.022469559e+02  0.000000000e+00
2.022893501e+02  0.000000000e+00
2.023317442e+02  0.000000000e+00
2.023741384e+02  0.000000000e+00
2.024165325e+02  0.000000000e+00
2.024589267e+02  0.000000000e+00
2.025013208e+02  0.000000000e+00
2.025437150e+02  3.047492057e-31
2.025861091e+02  1.302434419e-19
2.026285032e+02  2.812286252e-19
2.026708974e+02  4.343237767e-19
2.027132915e+02  5.708971233e-19
2.027556857e+02  6.723168918e-19
2.027980798e+02  7.199513089e-19
2.028404740e+02  6.951686015e-19
2.028828681e+02  5.793369963e-19
2.029252623e+02  3.538247202e-19
2.029676564e+02  0.000000000e+00
2.030100506e+02  0.000000000e+00
2.030524447e+02  0.000000000e+00
2.030948388e+02  0.000000000e+00
2.031372330e+02  0.000000000e+00
2.031796271e+02  0.000000000e+00
2.032220213e+02  0.000000000e+00
2.032644154e+02  0.000000000e+00
2.033068096e+02  0.000000000e+00
2.033492037e+02  0.000000000e+00
2.033915979e+02  5.306190419e-30
2.034339920e+02  1.814054621e-18
2.034763861e+02  3.917005342e-18
2.035187803e+02  6.049344906e-18
2.035611744e+02  7.951566058e-18
2.036035686e+02  9.364161542e-18
2.036459627e+02  1.002762410e-17
2.036883569e+02  9.682446485e-18
2.037307510e+02  8.069121432e-18
2.037731452e+02  4.928141689e-18
2.038155393e+02  0.000000000e+00
2.038579335e+02  0.000000000e+00
2.039003276e+02  0.000000000e+00
2.039427217e+02  0.000000000e+00
2.039851159e+02  0.000000000e+00
2.040275100e+02  0.000000000e+00
2.040699042e+02  0.000000000e+00
2.041122983e+02  0.000000000e+00
2.041546925e+02  0.000000000e+00
2.041970866e+02  0.000000000e+00
2.042394808e+02  1.034777690e-28
2.042818749e+02  2.526652126e-17
2.043242690e+02  5.455684616e-17
2.043666632e+02  8.425650491e-17
2.044090573e+02  1.107510277e-16
2.044514515e+02  1.304259447e-16
2.044938456e+02  1.396667861e-16
2.045362398e+02  1.348590822e-16
2.045786339e+02  1.123883630e-16
2.046210281e+02  6.864015892e-17
2.046634222e+02  0.000000000e+00
2.047058164e+02  0.000000000e+00
2.047482105e+02  0.000000000e+00
2.047906046e+02  0.000000000e+00
2.048329988e+02  0.000000000e+00
2.048753929e+02  0.000000000e+00
2.049177871e+02  0.000000000e+00
2.049601812e+02  0.000000000e+00
2.050025754e+02  0.000000000e+00
2.050449695e+02  0.000000000e+00
2.050873637e+02  1.647202306e-27
2.051297578e+02  3.519172430e-16
2.051721519e+02  7.598788409e-16
2.052145461e+02  1.173541724e-15
2.052569402e+02  1.542562822e-15
2.052993344e+02  1.816599064e-15
2.053417285e+02  1.945307382e-15
2.053841227e+02  1.878344704e-15
2.054265168e+02  1.565367961e-15
2.054689110e+02  9.560340832e-16
2.055113051e+02  0.000000000e+00
2.055536993e+02  0.000000000e+00
2.055960934e+02  0.000000000e+00
2.056384875e+02  0.000000000e+00
2.056808817e+02  0.000000000e+00
2.057232758e+02  0.000000000e+00
2.057656700e+02  0.000000000e+00
2.058080641e+02  0.000000000e+00
2.058504583e+02  0.000000000e+00
2.058928524e+02  0.000000000e+00
2.059352466e+02  2.581098316e-26
2.059776407e+02  4.901574881e-15
2.060200349e+02  1.058374693e-14
2.060624290e+02  1.634532763e-14
2.061048231e+02  2.148512847e-14
2.061472173e+02  2.530196095e-14
2.061896114e+02  2.709463656e-14
2.062320056e+02  2.616196677e-14
2.062743997e+02  2.180276309e-14
2.063167939e+02  1.331583701e-14
2.063591880e+02  0.000000000e+00
2.064015822e+02  0.000000000e+00
2.064439763e+02  0.000000000e+00
2.064863704e+02  0.000000000e+00
2.065287646e+02  0.000000000e+00
2.065711587e+02  0.000000000e+00
2.066135529e+02  0.000000000e+00
2.066559470e+02  0.000000000e+00
2.066983412e+02  0.000000000e+00
2.067407353e+02  0.000000000e+00
2.067831295e+02  3.994524817e-25
2.068255236e+02  6.827013109e-14
2.068679178e+02  1.474125781e-13
2.069103119e+02  2.276610451e-13
2.069527060e+02  2.992492358e-13
2.069951002e+02  3.524108543e-13
2.070374943e+02  3.773796044e-13
2.070798885e+02  3.643891901e-13
2.071222826e+02  3.036733154e-13
2.071646768e+02  1.854656840e-13
2.072070709e+02  0.000000000e+00
2.072494651e+02  0.000000000e+00
2.072918592e+02  0.000000000e+00
2.073342533e+02  0.000000000e+00
2.073766475e+02  0.000000000e+00
2.074190416e+02  0.000000000e+00
2.074614358e+02  0.000000000e+00
2.075038299e+02  0.000000000e+00
2.075462241e+02  0.000000000e+00
2.075886182e+02  0.000000000e+00
2.076310124e+02  6.675649386e-24
2.076734065e+02  9.508802604e-13
2.077158007e+02  2.053192347e-12
2.077581948e+02  3.170909303e-12
2.078005889e+02  4.168004173e-12
2.078429831e+02  4.908449999e-12
2.078853772e+02  5.256219825e-12
2.079277714e+02  5.075286695e-12
2.079701655e+02  4.229623652e-12
2.080125597e+02  2.583203739e-12
2.080549538e+02  0.000000000e+00
2.080973480e+02  0.000000000e+00
2.081397421e+02  0.000000000e+00
2.081821362e+02  0.000000000e+00
2.082245304e+02  0.000000000e+00
2.082669245e+02  0.000000000e+00
2.083093187e+02  0.000000000e+00
2.083517128e+02  0.000000000e+00
2.083941070e+02  0.000000000e+00
2.084365011e+02  0.000000000e+00
2.084788953e+02  1.007302568e-22
2.085212894e+02  1.324405351e-11
2.085636836e+02  2.859728028e-11
2.086060777e+02  4.416506920e-11
2.086484718e+02  5.805280919e-11
2.086908660e+02  6.836588914e-11
2.087332601e+02  7.320969796e-11
2.087756543e+02  7.068962456e-11
2.088180484e+02  5.891105783e-11
2.088604426e+02  3.597938669e-11
2.089028367e+02  3.802382830e-20
2.089452309e+02  0.000000000e+00
2.089876250e+02  0.000000000e+00
2.090300191e+02  0.000000000e+00
2.090724133e+02  0.000000000e+00
2.091148074e+02  0.000000000e+00
2.091572016e+02  0.000000000e+00
2.091995957e+02  0.000000000e+00
2.092419899e+02  0.000000000e+00
2.092843840e+02  0.000000000e+00
2.093267782e+02  7.309439693e-20
2.093691723e+02  1.844658690e-10
2.094115665e+02  3.983087316e-10
2.094539606e+02  6.151400595e-10
2.094963547e+02  8.085713244e-10
2.095387489e+02  9.522139978e-10
2.095811430e+02  1.019679551e-09
2.096235372e+02  9.845794568e-10
2.096659313e+02  8.205251856e-10
2.097083255e+02  5.011282095e-10
2.097507196e+02  0.000000000e+00
2.097931138e+02  0.000000000e+00
2.098355079e+02  0.000000000e+00
2.098779021e+02  0.000000000e+00
2.099202962e+02  0.000000000e+00
2.099626903e+02  0.000000000e+00
2.100050845e+02  0.000000000e+00
2.100474786e+02  0.000000000e+00
2.100898728e+02  0.000000000e+00
2.101322669e+02  0.000000000e+00
2.101746611e+02  2.254824737e-20
2.102170552e+02  2.569278111e-09
2.102594494e+02  5.547724961e-09
2.103018435e+02  8.567795763e-09
2.103442376e+02  1.126194573e-08
2.103866318e+02  1.326263008e-08
2.104290259e+02  1.420230402e-08
2.104714201e+02  1.371342277e-08
2.105138142e+02  1.142844154e-08
2.105562084e+02  6.979815546e-09
2.105986025e+02  0.000000000e+00
2.106409967e+02  0.000000000e+00
2.106833908e+02  0.000000000e+00
2.107257850e+02  0.000000000e+00
2.107681791e+02  0.000000000e+00
2.108105732e+02  0.000000000e+00
2.108529674e+02  0.000000000e+00
2.108953615e+02  0.000000000e+00
2.109377557e+02  0.000000000e+00
2.109801498e+02  0.000000000e+00
2.110225440e+02  3.944461361e-19
2.110649381e+02  3.578542800e-08
2.111073323e+02  7.726984325e-08
2.111497264e+02  1.193340092e-07
2.111921205e+02  1.568586891e-07
2.112345147e+02  1.847246466e-07
2.112769088e+02  1.978126450e-07
2.113193030e+02  1.910034477e-07
2.113616971e+02  1.591778182e-07
2.114040913e+02  9.721651983e-08
2.114464854e+02  3.160382632e-13
2.114888796e+02  0.000000000e+00
2.115312737e+02  0.000000000e+00
2.115736679e+02  0.000000000e+00
2.116160620e+02  0.000000000e+00
2.116584561e+02  0.000000000e+00
2.117008503e+02  0.000000000e+00
2.117432444e+02  0.000000000e+00
2.117856386e+02  0.000000000e+00
2.118280327e+02  0.000000000e+00
2.118704269e+02  1.731994223e-13
2.119128210e+02  5.037423507e-07
2.119552152e+02  1.118756132e-06
2.119976093e+02  1.805634806e-06
2.120400034e+02  2.524971659e-06
2.120823976e+02  3.237359979e-06
2.121247917e+02  3.903393053e-06
2.121671859e+02  4.483664169e-06
2.122095800e+02  4.938766616e-06
2.122519742e+02  5.229293679e-06
2.122943683e+02  5.315838647e-06
2.123367625e+02  5.174474706e-06
2.123791566e+02  4.843194629e-06
2.124215508e+02  4.375471092e-06
2.124639449e+02  3.824776766e-06
2.125063390e+02  3.244584324e-06
2.125487332e+02  2.688366441e-06
2.125911273e+02  2.209595788e-06
2.126335215e+02  1.861745039e-06
2.126759156e+02  1.698286867e-06
2.127183098e+02  1.772693945e-06
2.127607039e+02  2.119475335e-06
2.128030981e+02  2.697285653e-06
2.128454922e+02  3.445815907e-06
2.128878864e+02  4.304757100e-06
2.129302805e+02  5.213800239e-06
2.129726746e+02  6.112636330e-06
2.130150688e+02  6.940956379e-06
2.130574629e+02  7.638451391e-06
2.130998571e+02  8.144812372e-06
2.131422512e+02  8.399730328e-06
2.131846454e+02  8.361986494e-06
2.132270395e+02  8.066723031e-06
2.132694337e+02  7.568172328e-06
2.133118278e+02  6.920566775e-06
2.133542219e+02  6.178138762e-06
2.133966161e+02  5.395120678e-06
2.134390102e+02  4.625744913e-06
2.134814044e+02  3.924243857e-06
2.135237985e+02  3.344849900e-06
2.135661927e+02  2.941795432e-06
2.136085868e+02  2.765594228e-06
2.136509810e+02  2.851885611e-06
2.136933751e+02  3.232590287e-06
2.137357693e+02  3.939628964e-06
2.137781634e+02  5.004922351e-06
2.138205575e+02  6.460391154e-06
2.138629517e+02  8.337956082e-06
2.139053458e+02  1.066953784e-05
2.139477400e+02  1.348705714e-05
2.139901341e+02  1.682243469e-05
2.140325283e+02  2.069997994e-05
2.140749224e+02  2.511355734e-05
2.141173166e+02  3.004942007e-05
2.141597107e+02  3.549382133e-05
2.142021048e+02  4.143301430e-05
2.142444990e+02  4.785325218e-05
2.142868931e+02  5.474078816e-05
2.143292873e+02  6.208187543e-05
2.143716814e+02  6.986276717e-05
2.144140756e+02  7.806971658e-05
2.144564697e+02  8.666054671e-05
2.144988639e+02  9.547936003e-05
2.145412580e+02  1.043418289e-04
2.145836522e+02  1.130636256e-04
2.146260463e+02  1.214604225e-04
2.146684404e+02  1.293478919e-04
2.147108346e+02  1.365417062e-04
2.147532287e+02  1.428575378e-04
2.147956229e+02  1.481110588e-04
2.148380170e+02  1.521179417e-04
2.148804112e+02  1.547903679e-04
2.149228053e+02  1.564265552e-04
2.149651995e+02  1.574212304e-04
2.150075936e+02  1.581691205e-04
2.150499877e+02  1.590649524e-04
2.150923819e+02  1.605034528e-04
2.151347760e+02  1.628793487e-04
2.151771702e+02  1.665873669e-04
2.152195643e+02  1.720222344e-04
2.152619585e+02  1.795786780e-04
2.153043526e+02  1.895024322e-04
2.153467468e+02  2.014432621e-04
2.153891409e+02  2.149019402e-04
2.154315351e+02  2.293792393e-04
2.154739292e+02  2.443759320e-04
2.155163233e+02  2.593927908e-04
2.155587175e+02  2.739305886e-04
2.156011116e+02  2.874900978e-04
2.156435058e+02  2.995720912e-04
2.156858999e+02  3.096773414e-04
2.157282941e+02  3.174636952e-04
2.157706882e+02  3.232172956e-04
2.158130824e+02  3.273813601e-04
2.158554765e+02  3.303991058e-04
2.158978706e+02  3.327137500e-04
2.159402648e+02  3.347685101e-04
2.159826589e+02  3.370066033e-04
2.160250531e+02  3.398712468e-04
2.160674472e+02  3.438056579e-04
2.161098414e+02  3.492530540e-04
2.161522355e+02  3.565995277e-04
2.161946297e+02  3.660026740e-04
2.162370238e+02  3.775629633e-04
2.162794180e+02  3.913808660e-04
2.163218121e+02  4.075568524e-04
2.163642062e+02  4.261913929e-04
2.164066004e+02  4.473849580e-04
2.164489945e+02  4.712380181e-04
2.164913887e+02  4.978510435e-04
2.165337828e+02  5.273245046e-04
2.165761770e+02  5.596439483e-04
2.166185711e+02  5.943352269e-04
2.166609653e+02  6.308092694e-04
2.167033594e+02  6.684770045e-04
2.167457536e+02  7.067493610e-04
2.167881477e+02  7.450372679e-04
2.168305418e+02  7.827516540e-04
2.168729360e+02  8.193034481e-04
2.169153301e+02  8.541035790e-04
2.169577243e+02  8.865629756e-04
2.170001184e+02  9.163443067e-04
2.170425126e+02  9.441172009e-04
2.170849067e+02  9.708030270e-04
2.171273009e+02  9.973231535e-04
2.171696950e+02  1.024598949e-03
2.172120891e+02  1.053551783e-03
2.172544833e+02  1.085103022e-03
2.172968774e+02  1.120174037e-03
2.173392716e+02  1.159686196e-03
2.173816657e+02  1.204560867e-03
2.174240599e+02  1.255520466e-03
2.174664540e+02  1.312491599e-03
2.175088482e+02  1.375201916e-03
2.175512423e+02  1.443379070e-03
2.175936365e+02  1.516750713e-03
2.176360306e+02  1.595044497e-03
2.176784247e+02  1.677988074e-03
2.177208189e+02  1.765309096e-03
2.177632130e+02  1.856735215e-03
2.178056072e+02  1.951994082e-03
2.178480013e+02  2.050617959e-03
2.178903955e+02  2.151357538e-03
2.179327896e+02  2.252768123e-03
2.179751838e+02  2.353405015e-03
2.180175779e+02  2.451823516e-03
2.180599720e+02  2.546578928e-03
2.181023662e+02  2.636226554e-03
2.181447603e+02  2.719321696e-03
2.181871545e+02  2.794419655e-03
2.182295486e+02  2.860075734e-03
2.182719428e+02  2.915279431e-03
2.183143369e+02  2.960757026e-03
2.183567311e+02  2.997668997e-03
2.183991252e+02  3.027175818e-03
2.184415194e+02  3.050437968e-03
2.184839135e+02  3.068615922e-03
2.185263076e+02  3.082870156e-03
2.185687018e+02  3.094361148e-03
2.186110959e+02  3.104249373e-03
2.186534901e+02  3.113695309e-03
2.186958842e+02  3.123939135e-03
2.187382784e+02  3.136539847e-03
2.187806725e+02  3.153136142e-03
2.188230667e+02  3.175366720e-03
2.188654608e+02  3.204870279e-03
2.189078549e+02  3.243285517e-03
2.189502491e+02  3.292251134e-03
2.189926432e+02  3.353405828e-03
2.190350374e+02  3.428388298e-03
2.190774315e+02  3.518837242e-03
2.191198257e+02  3.625634785e-03
2.191622198e+02  3.746636755e-03
2.192046140e+02  3.878942409e-03
2.192470081e+02  4.019651002e-03
2.192894023e+02  4.165861788e-03
2.193317964e+02  4.314674023e-03
2.193741905e+02  4.463186962e-03
2.194165847e+02  4.608499860e-03
2.194589788e+02  4.747711973e-03
2.195013730e+02  4.877922555e-03
2.195437671e+02  4.996871153e-03
2.195861613e+02  5.104858482e-03
2.196285554e+02  5.202825545e-03
2.196709496e+02  5.291713348e-03
2.197133437e+02  5.372462897e-03
2.197557378e+02  5.446015196e-03
2.197981320e+02  5.513311250e-03
2.198405261e+02  5.575292064e-03
2.198829203e+02  5.632898645e-03
2.199253144e+02  5.687071995e-03
2.199677086e+02  5.738755680e-03
2.200101027e+02  5.788903491e-03
2.200524969e+02  5.838471782e-03
2.200948910e+02  5.888416904e-03
2.201372852e+02  5.939695207e-03
2.201796793e+02  5.993263045e-03
2.202220734e+02  6.050076768e-03
2.202644676e+02  6.111092728e-03
2.203068617e+02  6.177267278e-03
2.203492559e+02  6.249556767e-03
2.203916500e+02  6.328498893e-03
2.204340442e+02  6.412956722e-03
2.204764383e+02  6.501374670e-03
2.205188325e+02  6.592197147e-03
2.205612266e+02  6.683868567e-03
2.206036208e+02  6.774833342e-03
2.206460149e+02  6.863535884e-03
2.206884090e+02  6.948420607e-03
2.207308032e+02  7.027931924e-03
2.207731973e+02  7.100514245e-03
2.208155915e+02  7.164917561e-03
2.208579856e+02  7.221114159e-03
2.209003798e+02  7.269381906e-03
2.209427739e+02  7.309998664e-03
2.209851681e+02  7.343242300e-03
2.210275622e+02  7.369390678e-03
2.210699563e+02  7.388721663e-03
2.211123505e+02  7.401513120e-03
2.211547446e+02  7.408042912e-03
2.211971388e+02  7.408588906e-03
2.212395329e+02  7.403421279e-03
2.212819271e+02  7.392779459e-03
2.213243212e+02  7.376895190e-03
2.213667154e+02  7.356000213e-03
2.214091095e+02  7.330326270e-03
2.214515037e+02  7.300105103e-03
2.214938978e+02  7.265568456e-03
2.215362919e+02  7.226948068e-03
2.215786861e+02  7.184475684e-03
2.216210802e+02  7.138383044e-03
2.216634744e+02  7.089138001e-03
2.217058685e+02  7.038152841e-03
2.217482627e+02  6.987075961e-03
2.217906568e+02  6.937555756e-03
2.218330510e+02  6.891240624e-03
2.218754451e+02  6.849778961e-03
2.219178392e+02  6.814819163e-03
2.219602334e+02  6.788009626e-03
2.220026275e+02  6.770998747e-03
2.220450217e+02  6.765434922e-03
2.220874158e+02  6.772200781e-03
2.221298100e+02  6.789115883e-03
2.221722041e+02  6.813234023e-03
2.222145983e+02  6.841608994e-03
2.222569924e+02  6.871294590e-03
2.222993866e+02  6.899344604e-03
2.223417807e+02  6.922812831e-03
2.223841748e+02  6.938753063e-03
2.224265690e+02  6.944219095e-03
2.224689631e+02  6.936264719e-03
2.225113573e+02  6.912727362e-03
2.225537514e+02  6.874578978e-03
2.225961456e+02  6.823575151e-03
2.226385397e+02  6.761471468e-03
2.226809339e+02  6.690023514e-03
2.227233280e+02  6.610986876e-03
2.227657221e+02  6.526117138e-03
2.228081163e+02  6.437169887e-03
2.228505104e+02  6.345900707e-03
2.228929046e+02  6.254065186e-03
2.229352987e+02  6.163065311e-03
2.229776929e+02  6.072888681e-03
2.230200870e+02  5.983169300e-03
2.230624812e+02  5.893541168e-03
2.231048753e+02  5.803638289e-03
2.231472695e+02  5.713094664e-03
2.231896636e+02  5.621544295e-03
2.232320577e+02  5.528621186e-03
2.232744519e+02  5.433959337e-03
2.233168460e+02  5.337192752e-03
2.233592402e+02  5.238269217e-03
2.234016343e+02  5.138391667e-03
2.234440285e+02  5.039076820e-03
2.234864226e+02  4.941841394e-03
2.235288168e+02  4.848202108e-03
2.235712109e+02  4.759675681e-03
2.236136051e+02  4.677778832e-03
2.236559992e+02  4.604028279e-03
2.236983933e+02  4.539940741e-03
2.237407875e+02  4.487032937e-03
2.237831816e+02  4.446054046e-03
2.238255758e+02  4.414683093e-03
2.238679699e+02  4.389831560e-03
2.239103641e+02  4.368410933e-03
2.239527582e+02  4.347332695e-03
2.239951524e+02  4.323508332e-03
2.240375465e+02  4.293849326e-03
2.240799406e+02  4.255267164e-03
2.241223348e+02  4.204673328e-03
2.241647289e+02  4.138979303e-03
2.242071231e+02  4.056125961e-03
2.242495172e+02  3.958171719e-03
2.242919114e+02  3.848204384e-03
2.243343055e+02  3.729311760e-03
2.243766997e+02  3.604581653e-03
2.244190938e+02  3.477101868e-03
2.244614880e+02  3.349960211e-03
2.245038821e+02  3.226244486e-03
2.245462762e+02  3.109042499e-03
2.245886704e+02  3.001442056e-03
2.246310645e+02  2.905837580e-03
2.246734587e+02  2.821849964e-03
2.247158528e+02  2.748406722e-03
2.247582470e+02  2.684435366e-03
2.248006411e+02  2.628863407e-03
2.248430353e+02  2.580618357e-03
2.248854294e+02  2.538627730e-03
2.249278235e+02  2.501819038e-03
2.249702177e+02  2.469119791e-03
2.250126118e+02  2.439457504e-03
2.250550060e+02  2.411886502e-03
2.250974001e+02  2.385968370e-03
2.251397943e+02  2.361391509e-03
2.251821884e+02  2.337844317e-03
2.252245826e+02  2.315015193e-03
2.252669767e+02  2.292592539e-03
2.253093709e+02  2.270264752e-03
2.253517650e+02  2.247720232e-03
2.253941591e+02  2.224647379e-03
2.254365533e+02  2.200734593e-03
2.254789474e+02  2.175581961e-03
2.255213416e+02  2.148436323e-03
2.255637357e+02  2.118456209e-03
2.256061299e+02  2.084800147e-03
2.256485240e+02  2.046626665e-03
2.256909182e+02  2.003094292e-03
2.257333123e+02  1.953361557e-03
2.257757064e+02  1.896586989e-03
2.258181006e+02  1.831929117e-03
2.258604947e+02  1.758546468e-03
2.259028889e+02  1.676146315e-03
2.259452830e+02  1.586630902e-03
2.259876772e+02  1.492451217e-03
2.260300713e+02  1.396058246e-03
2.260724655e+02  1.299902977e-03
2.261148596e+02  1.206436397e-03
2.261572538e+02  1.118109494e-03
2.261996479e+02  1.037373254e-03
2.262420420e+02  9.666786662e-04
2.262844362e+02  9.084767165e-04
2.263268303e+02  8.644213911e-04
2.263692245e+02  8.329786704e-04
2.264116186e+02  8.118175334e-04
2.264540128e+02  7.986069588e-04
2.264964069e+02  7.910159258e-04
2.265388011e+02  7.867134131e-04
2.265811952e+02  7.833683997e-04
2.266235893e+02  7.786498645e-04
2.266659835e+02  7.702267864e-04
2.267083776e+02  7.557681444e-04
2.267507718e+02  7.336071991e-04
2.267931659e+02  7.047343381e-04
2.268355601e+02  6.708042310e-04
2.268779542e+02  6.334715472e-04
2.269203484e+02  5.943909560e-04
2.269627425e+02  5.552171269e-04
2.270051367e+02  5.176047294e-04
2.270475308e+02  4.832084328e-04
2.270899249e+02  4.536829066e-04
2.271323191e+02  4.306828202e-04
2.271747132e+02  4.153514752e-04
2.272171074e+02  4.067867014e-04
2.272595015e+02  4.035749611e-04
2.273018957e+02  4.043027163e-04
2.273442898e+02  4.075564291e-04
2.273866840e+02  4.119225616e-04
2.274290781e+02  4.159875758e-04
2.274714723e+02  4.183379338e-04
2.275138664e+02  4.175600979e-04
2.275562605e+02  4.122405299e-04
2.275986547e+02  4.013708932e-04
2.276410488e+02  3.855636558e-04
2.276834430e+02  3.658364867e-04
2.277258371e+02  3.432070552e-04
2.277682313e+02  3.186930303e-04
2.278106254e+02  2.933120812e-04
2.278530196e+02  2.680818770e-04
2.278954137e+02  2.440200869e-04
2.279378078e+02  2.221443799e-04
2.279802020e+02  2.034724253e-04
2.280225961e+02  1.887387857e-04
2.280649903e+02  1.775455982e-04
2.281073844e+02  1.692118932e-04
2.281497786e+02  1.630567013e-04
2.281921727e+02  1.583990532e-04
2.282345669e+02  1.545579793e-04
2.282769610e+02  1.508525103e-04
2.283193552e+02  1.466016766e-04
2.283617493e+02  1.411245088e-04
2.284041434e+02  1.337400376e-04
2.284465376e+02  1.239871319e-04
2.284889317e+02  1.122840148e-04
2.285313259e+02  9.926874766e-05
2.285737200e+02  8.557939212e-05
2.286161142e+02  7.185400962e-05
2.286585083e+02  5.873066167e-05
2.287009025e+02  4.684740976e-05
2.287432966e+02  3.684231538e-05
2.287856907e+02  2.935344004e-05
2.288280849e+02  2.501884523e-05
2.288704790e+02  2.426696857e-05
2.289128732e+02  2.668775221e-05
2.289552673e+02  3.166151439e-05
2.289976615e+02  3.856857338e-05
2.290400556e+02  4.678924744e-05
2.290824498e+02  5.570385484e-05
2.291248439e+02  6.469271383e-05
2.291672381e+02  7.313614267e-05
2.292096322e+02  8.041445962e-05
2.292520263e+02  8.590798296e-05
2.292944205e+02  8.915055842e-05
2.293368146e+02  9.029014173e-05
2.293792088e+02  8.962821610e-05
2.294216029e+02  8.746626474e-05
2.294639971e+02  8.410577087e-05
2.295063912e+02  7.984821770e-05
2.295487854e+02  7.499508844e-05
2.295911795e+02  6.984786630e-05
2.296335736e+02  6.470803450e-05
2.296759678e+02  5.987707625e-05
2.297183619e+02  5.559107071e-05
2.297607561e+02  5.182448087e-05
2.298031502e+02  4.848636566e-05
2.298455444e+02  4.548578403e-05
2.298879385e+02  4.273179491e-05
2.299303327e+02  4.013345723e-05
2.299727268e+02  3.759982993e-05
2.300151210e+02  3.503997196e-05
2.300575151e+02  3.236294224e-05
2.300999092e+02  2.947779973e-05
2.301423034e+02  2.632443020e-05
2.301846975e+02  2.296602693e-05
2.302270917e+02  1.949661003e-05
2.302694858e+02  1.601019961e-05
2.303118800e+02  1.260081580e-05
2.303542741e+02  9.362478721e-06
2.303966683e+02  6.389208480e-06
2.304390624e+02  3.775025201e-06
2.304814565e+02  1.613949001e-06
2.305238507e+02  1.377231250e-17
2.305662448e+02  0.000000000e+00
2.306086390e+02  0.000000000e+00
2.306510331e+02  0.000000000e+00
2.306934273e+02  0.000000000e+00
2.307358214e+02  0.000000000e+00
2.307782156e+02  4.401698716e-07
2.308206097e+02  1.389931022e-06
2.308630039e+02  2.349632058e-06
2.309053980e+02  3.229100488e-06
2.309477921e+02  3.938163822e-06
2.309901863e+02  4.406951551e-06
2.310325804e+02  4.646801087e-06
2.310749746e+02  4.689351826e-06
2.311173687e+02  4.566243161e-06
2.311597629e+02  4.309114485e-06
2.312021570e+02  3.949605194e-06
2.312445512e+02  3.519354681e-06
2.312869453e+02  3.050002340e-06
2.313293395e+02  2.573187565e-06
2.313717336e+02  2.120549750e-06
2.314141277e+02  1.717843719e-06
2.314565219e+02  1.367286009e-06
2.314989160e+02  1.065208588e-06
2.315413102e+02  8.079434234e-07
2.315837043e+02  5.918224829e-07
2.316260985e+02  4.131777338e-07
2.316684926e+02  2.683411436e-07
2.317108868e+02  1.536446795e-07
2.317532809e+02  6.542030921e-08
2.317956750e+02  0.000000000e+00
2.318380692e+02  0.000000000e+00
2.318804633e+02  0.000000000e+00
2.319228575e+02  0.000000000e+00
2.319652516e+02  0.000000000e+00
2.320076458e+02  0.000000000e+00
2.320500399e+02  0.000000000e+00
2.320924341e+02  0.000000000e+00
2.321348282e+02  0.000000000e+00
2.321772224e+02  0.000000000e+00
2.322196165e+02  5.259302263e-19
2.322620106e+02  1.234638437e-08
2.323044048e+02  2.021542419e-08
2.323467989e+02  2.425725830e-08
2.323891931e+02  2.512202554e-08
2.324315872e+02  2.345986476e-08
2.324739814e+02  1.992091480e-08
2.325163755e+02  1.515531450e-08
2.325587697e+02  9.813202700e-09
2.326011638e+02  4.544718254e-09
2.326435579e+02  0.000000000e+00
2.326859521e+02  0.000000000e+00
2.327283462e+02  0.000000000e+00
2.327707404e+02  0.000000000e+00
2.328131345e+02  0.000000000e+00
2.328555287e+02  0.000000000e+00
2.328979228e+02  0.000000000e+00
2.329403170e+02  0.000000000e+00
2.329827111e+02  0.000000000e+00
2.330251053e+02  0.000000000e+00
2.330674994e+02  3.847272399e-20
2.331098935e+02  8.864305158e-10
2.331522877e+02  1.451402156e-09
2.331946818e+02  1.741592788e-09
2.332370760e+02  1.803680283e-09
2.332794701e+02  1.684342508e-09
2.333218643e+02  1.430257332e-09
2.333642584e+02  1.088102625e-09
2.334066526e+02  7.045562545e-10
2.334490467e+02  3.262960899e-10
2.334914408e+02  0.000000000e+00
2.335338350e+02  0.000000000e+00
2.335762291e+02  0.000000000e+00
2.336186233e+02  0.000000000e+00
2.336610174e+02  0.000000000e+00
2.337034116e+02  0.000000000e+00
2.337458057e+02  0.000000000e+00
2.337881999e+02  0.000000000e+00
2.338305940e+02  0.000000000e+00
2.338729882e+02  0.000000000e+00
2.339153823e+02  2.762217305e-21
2.339577764e+02  6.364284762e-11
2.340001706e+02  1.042059863e-10
2.340425647e+02  1.250407364e-10
2.340849589e+02  1.294984179e-10
2.341273530e+02  1.209303512e-10
2.341697472e+02  1.026878563e-10
2.342121413e+02  7.812225360e-11
2.342545355e+02  5.058486316e-11
2.342969296e+02  2.342700523e-11
2.343393237e+02  0.000000000e+00
2.343817179e+02  0.000000000e+00
2.344241120e+02  0.000000000e+00
2.344665062e+02  0.000000000e+00
2.345089003e+02  0.000000000e+00
2.345512945e+02  0.000000000e+00
2.345936886e+02  0.000000000e+00
2.346360828e+02  0.000000000e+00
2.346784769e+02  0.000000000e+00
2.347208711e+02  0.000000000e+00
2.347632652e+02  2.130121268e-22
2.348056593e+02  4.569350875e-12
2.348480535e+02  7.481653205e-12
2.348904476e+02  8.977520956e-12
2.349328418e+02  9.297568091e-12
2.349752359e+02  8.682408576e-12
2.350176301e+02  7.372656375e-12
2.350600242e+02  5.608925452e-12
2.351024184e+02  3.631829772e-12
2.351448125e+02  1.681983300e-12
2.351872067e+02  0.000000000e+00
2.352296008e+02  0.000000000e+00
2.352719949e+02  0.000000000e+00
2.353143891e+02  0.000000000e+00
2.353567832e+02  0.000000000e+00
2.353991774e+02  0.000000000e+00
2.354415715e+02  0.000000000e+00
2.354839657e+02  0.000000000e+00
2.355263598e+02  0.000000000e+00
2.355687540e+02  0.000000000e+00
2.356111481e+02  6.598955692e-23
2.356535422e+02  3.280646327e-13
2.356959364e+02  5.371585325e-13
2.357383305e+02  6.445570051e-13
2.357807247e+02  6.675353556e-13
2.358231188e+02  6.233688896e-13
2.358655130e+02  5.293329124e-13
2.359079071e+02  4.027027295e-13
2.359503013e+02  2.607536461e-13
2.359926954e+02  1.207609679e-13
2.360350896e+02  0.000000000e+00
2.360774837e+02  0.000000000e+00
2.361198778e+02  0.000000000e+00
2.361622720e+02  0.000000000e+00
2.362046661e+02  0.000000000e+00
2.362470603e+02  0.000000000e+00
2.362894544e+02  0.000000000e+00
2.363318486e+02  0.000000000e+00
2.363742427e+02  0.000000000e+00
2.364166369e+02  0.000000000e+00
2.364590310e+02  1.135870259e-24
2.365014251e+02  2.355398186e-14
2.365438193e+02  3.856624957e-14
2.365862134e+02  4.627711411e-14
2.366286076e+02  4.792688648e-14
2.366710017e+02  4.475587765e-14
2.367133959e+02  3.800439860e-14
2.367557900e+02  2.891276033e-14
2.367981842e+02  1.872127382e-14
2.368405783e+02  8.670250047e-15
2.368829725e+02  0.000000000e+00
2.369253666e+02  0.000000000e+00
2.369677607e+02  0.000000000e+00
2.370101549e+02  0.000000000e+00
2.370525490e+02  0.000000000e+00
2.370949432e+02  0.000000000e+00
2.371373373e+02  0.000000000e+00
2.371797315e+02  0.000000000e+00
2.372221256e+02  0.000000000e+00
2.372645198e+02  0.000000000e+00
2.373069139e+02  8.155229158e-26
2.373493080e+02  1.691113376e-15
2.373917022e+02  2.768961428e-15
2.374340963e+02  3.322592538e-15
2.374764905e+02  3.441055088e-15
2.375188846e+02  3.213397459e-15
2.375612788e+02  2.728668034e-15
2.376036729e+02  2.075915194e-15
2.376460671e+02  1.344187320e-15
2.376884612e+02  6.225327949e-16
2.377308554e+02  0.000000000e+00
2.377732495e+02  0.000000000e+00
2.378156436e+02  0.000000000e+00
2.378580378e+02  0.000000000e+00
2.379004319e+02  0.000000000e+00
2.379428261e+02  0.000000000e+00
2.379852202e+02  0.000000000e+00
2.380276144e+02  0.000000000e+00
2.380700085e+02  0.000000000e+00
2.381124027e+02  0.000000000e+00
2.381547968e+02  6.154986924e-27
2.381971910e+02  1.216054013e-16
2.382395851e+02  1.992104203e-16
2.382819792e+02  2.391814169e-16
2.383243734e+02  2.478847511e-16
2.383667675e+02  2.316867827e-16
2.384091617e+02  1.969538717e-16
2.384515558e+02  1.500523780e-16
2.384939500e+02  9.734866154e-17
2.385363441e+02  4.520908223e-17
2.385787383e+02  0.000000000e+00
2.386211324e+02  0.000000000e+00
2.386635265e+02  0.000000000e+00
2.387059207e+02  0.000000000e+00
2.387483148e+02  0.000000000e+00
2.387907090e+02  0.000000000e+00
2.388331031e+02  0.000000000e+00
2.388754973e+02  0.000000000e+00
2.389178914e+02  0.000000000e+00
2.389602856e+02  0.000000000e+00
2.390026797e+02  5.474500370e-28
2.390450739e+02  1.138344260e-17
2.390874680e+02  2.015405740e-17
2.391298621e+02  2.651970239e-17
2.391722563e+02  3.068823550e-17
2.392146504e+02  3.286751472e-17
2.392570446e+02  3.326539801e-17
2.392994387e+02  3.208974332e-17
2.393418329e+02  2.954840863e-17
2.393842270e+02  2.584925189e-17
2.394266212e+02  2.120013106e-17
2.394690153e+02  1.580890413e-17
2.395114094e+02  9.883429034e-18
2.395538036e+02  3.631563751e-18
