# Marginal distribution of cubic-spline interpolated points from nested sampling.
# Column #1: Parameter values
# Column #2: Marginal distribution values (probability only)
4.582522137e-01  0.000000000e+00
4.857294667e-01  7.795403879e-78
5.132067197e-01  1.511835904e-77
5.406839727e-01  2.149641676e-77
5.681612257e-01  2.645712832e-77
5.956384786e-01  2.952804499e-77
6.231157316e-01  3.023671807e-77
6.505929846e-01  2.811069884e-77
6.780702376e-01  2.267753856e-77
7.055474906e-01  1.346478852e-77
7.330247436e-01  0.000000000e+00
7.605019966e-01  0.000000000e+00
7.879792496e-01  0.000000000e+00
8.154565026e-01  0.000000000e+00
8.429337556e-01  0.000000000e+00
8.704110086e-01  0.000000000e+00
8.978882616e-01  0.000000000e+00
9.253655146e-01  0.000000000e+00
9.528427676e-01  0.000000000e+00
9.803200206e-01  0.000000000e+00
1.007797274e+00  0.000000000e+00
1.035274527e+00  6.307190411e-77
1.062751780e+00  1.360652313e-76
1.090229033e+00  2.100034560e-76
1.117706286e+00  2.759100524e-76
1.145183539e+00  3.248084949e-76
1.172660792e+00  3.477222579e-76
1.200138045e+00  3.356748155e-76
1.227615298e+00  2.796896422e-76
1.255092551e+00  1.707902123e-76
1.282569804e+00  1.581307132e-90
1.310047056e+00  0.000000000e+00
1.337524309e+00  0.000000000e+00
1.365001562e+00  0.000000000e+00
1.392478815e+00  0.000000000e+00
1.419956068e+00  0.000000000e+00
1.447433321e+00  0.000000000e+00
1.474910574e+00  0.000000000e+00
1.502387827e+00  0.000000000e+00
1.529865080e+00  0.000000000e+00
1.557342333e+00  0.000000000e+00
1.584819586e+00  8.752112536e-76
1.612296839e+00  1.889794880e-75
1.639774092e+00  2.918551967e-75
1.667251345e+00  3.836283606e-75
1.694728598e+00  4.517790884e-75
1.722205851e+00  4.837874892e-75
1.749683104e+00  4.671336718e-75
1.777160357e+00  3.892977452e-75
1.804637610e+00  2.377598183e-75
1.832114863e+00  2.201591104e-89
1.859592116e+00  0.000000000e+00
1.887069369e+00  0.000000000e+00
1.914546622e+00  0.000000000e+00
1.942023875e+00  0.000000000e+00
1.969501128e+00  0.000000000e+00
1.996978381e+00  0.000000000e+00
2.024455634e+00  0.000000000e+00
2.051932887e+00  0.000000000e+00
2.079410140e+00  0.000000000e+00
2.106887393e+00  0.000000000e+00
2.134364646e+00  1.218988565e-74
2.161841899e+00  2.632106308e-74
2.189319152e+00  4.064972409e-74
2.216796405e+00  5.343206043e-74
2.244273658e+00  6.292426388e-74
2.271750911e+00  6.738252623e-74
2.299228164e+00  6.506303924e-74
2.326705417e+00  5.422199469e-74
2.354182670e+00  3.311558435e-74
2.381659923e+00  6.641791532e-88
2.409137176e+00  0.000000000e+00
2.436614429e+00  0.000000000e+00
2.464091682e+00  0.000000000e+00
2.491568935e+00  0.000000000e+00
2.519046188e+00  0.000000000e+00
2.546523441e+00  0.000000000e+00
2.574000694e+00  0.000000000e+00
2.601477947e+00  0.000000000e+00
2.628955200e+00  0.000000000e+00
2.656432453e+00  0.000000000e+00
2.683909706e+00  1.697831878e-73
2.711386959e+00  3.666050883e-73
2.738864212e+00  5.661775852e-73
2.766341465e+00  7.442125624e-73
2.793818718e+00  8.764219035e-73
2.821295971e+00  9.385174923e-73
2.848773224e+00  9.062112126e-73
2.876250477e+00  7.552149482e-73
2.903727730e+00  4.612405827e-73
2.931204983e+00  9.250822143e-87
2.958682236e+00  0.000000000e+00
2.986159489e+00  0.000000000e+00
3.013636742e+00  0.000000000e+00
3.041113995e+00  0.000000000e+00
3.068591248e+00  0.000000000e+00
3.096068501e+00  0.000000000e+00
3.123545754e+00  0.000000000e+00
3.151023007e+00  0.000000000e+00
3.178500260e+00  0.000000000e+00
3.205977513e+00  0.000000000e+00
3.233454766e+00  2.364774744e-72
3.260932019e+00  5.106150173e-72
3.288409272e+00  7.885836469e-72
3.315886525e+00  1.036554381e-71
3.343363778e+00  1.220698239e-71
3.370841031e+00  1.307186237e-71
3.398318284e+00  1.262189394e-71
3.425795537e+00  1.051878728e-71
3.453272790e+00  6.424252574e-72
3.480750043e+00  0.000000000e+00
3.508227296e+00  0.000000000e+00
3.535704549e+00  0.000000000e+00
3.563181802e+00  0.000000000e+00
3.590659055e+00  0.000000000e+00
3.618136308e+00  0.000000000e+00
3.645613561e+00  0.000000000e+00
3.673090814e+00  0.000000000e+00
3.700568067e+00  0.000000000e+00
3.728045320e+00  0.000000000e+00
3.755522573e+00  0.000000000e+00
3.782999826e+00  3.293706322e-71
3.810477079e+00  7.111949733e-71
3.837954332e+00  1.098355330e-70
3.865431585e+00  1.443734008e-70
3.892908838e+00  1.700213315e-70
3.920386091e+00  1.820675556e-70
3.947863344e+00  1.758003039e-70
3.975340597e+00  1.465078070e-70
4.002817850e+00  8.947829545e-71
4.030295103e+00  6.903403893e-84
4.057772356e+00  0.000000000e+00
4.085249609e+00  0.000000000e+00
4.112726862e+00  0.000000000e+00
4.140204115e+00  0.000000000e+00
4.167681368e+00  0.000000000e+00
4.195158621e+00  0.000000000e+00
4.222635874e+00  0.000000000e+00
4.250113127e+00  0.000000000e+00
4.277590380e+00  0.000000000e+00
4.305067633e+00  1.288983398e-83
4.332544886e+00  4.587541104e-70
4.360022139e+00  9.905668125e-70
4.387499392e+00  1.529811625e-69
4.414976645e+00  2.010862068e-69
4.442453898e+00  2.368091658e-69
4.469931151e+00  2.535873917e-69
4.497408404e+00  2.448582361e-69
4.524885657e+00  2.040590510e-69
4.552362910e+00  1.246271884e-69
4.579840163e+00  0.000000000e+00
4.607317416e+00  0.000000000e+00
4.634794669e+00  0.000000000e+00
4.662271922e+00  0.000000000e+00
4.689749175e+00  0.000000000e+00
4.717226428e+00  0.000000000e+00
4.744703681e+00  0.000000000e+00
4.772180934e+00  0.000000000e+00
4.799658187e+00  0.000000000e+00
4.827135440e+00  0.000000000e+00
4.854612693e+00  0.000000000e+00
4.882089946e+00  6.389620482e-69
4.909567199e+00  1.379681588e-68
4.937044452e+00  2.130752722e-68
4.964521705e+00  2.800769555e-68
4.991998958e+00  3.298326189e-68
5.019476211e+00  3.532016728e-68
5.046953464e+00  3.410435275e-68
5.074430717e+00  2.842175934e-68
5.101907970e+00  1.735832808e-68
5.129385223e+00  0.000000000e+00
5.156862476e+00  0.000000000e+00
5.184339729e+00  0.000000000e+00
5.211816982e+00  0.000000000e+00
5.239294235e+00  0.000000000e+00
5.266771488e+00  0.000000000e+00
5.294248741e+00  0.000000000e+00
5.321725994e+00  0.000000000e+00
5.349203247e+00  0.000000000e+00
5.376680500e+00  0.000000000e+00
5.404157753e+00  0.000000000e+00
5.431635006e+00  8.899593264e-68
5.459112259e+00  1.921648555e-67
5.486589512e+00  2.967755695e-67
5.514066765e+00  3.900968756e-67
5.541544018e+00  4.593975748e-67
5.569021271e+00  4.919464679e-67
5.596498524e+00  4.750123561e-67
5.623975777e+00  3.958640402e-67
5.651453030e+00  2.417703212e-67
5.678930283e+00  0.000000000e+00
5.706407536e+00  0.000000000e+00
5.733884789e+00  0.000000000e+00
5.761362042e+00  0.000000000e+00
5.788839295e+00  0.000000000e+00
5.816316548e+00  0.000000000e+00
5.843793801e+00  0.000000000e+00
5.871271054e+00  0.000000000e+00
5.898748307e+00  0.000000000e+00
5.926225560e+00  0.000000000e+00
5.953702813e+00  0.000000000e+00
5.981180066e+00  1.239553436e-66
6.008657319e+00  2.676511161e-66
6.036134572e+00  4.133550445e-66
6.063611825e+00  5.433348563e-66
6.091089078e+00  6.398582785e-66
6.118566330e+00  6.851930384e-66
6.146043583e+00  6.616068633e-66
6.173520836e+00  5.513674804e-66
6.200998089e+00  3.367426169e-66
6.228475342e+00  0.000000000e+00
6.255952595e+00  0.000000000e+00
6.283429848e+00  0.000000000e+00
6.310907101e+00  0.000000000e+00
6.338384354e+00  0.000000000e+00
6.365861607e+00  0.000000000e+00
6.393338860e+00  0.000000000e+00
6.420816113e+00  0.000000000e+00
6.448293366e+00  0.000000000e+00
6.475770619e+00  0.000000000e+00
6.503247872e+00  0.000000000e+00
6.530725125e+00  1.726475218e-65
6.558202378e+00  3.727899140e-65
6.585679631e+00  5.757293067e-65
6.613156884e+00  7.567678300e-65
6.640634137e+00  8.912076141e-65
6.668111390e+00  9.543507891e-65
6.695588643e+00  9.214994850e-65
6.723065896e+00  7.679558321e-65
6.750543149e+00  4.690219604e-65
6.778020402e+00  5.427877249e-78
6.805497655e+00  0.000000000e+00
6.832974908e+00  0.000000000e+00
6.860452161e+00  0.000000000e+00
6.887929414e+00  0.000000000e+00
6.915406667e+00  0.000000000e+00
6.942883920e+00  0.000000000e+00
6.970361173e+00  0.000000000e+00
6.997838426e+00  0.000000000e+00
7.025315679e+00  0.000000000e+00
7.052792932e+00  0.000000000e+00
7.080270185e+00  2.404669771e-64
7.107747438e+00  5.192293684e-64
7.135224691e+00  8.018874789e-64
7.162701944e+00  1.054041613e-63
7.190179197e+00  1.241292077e-63
7.217656450e+00  1.329239174e-63
7.245133703e+00  1.283483210e-63
7.272610956e+00  1.069624490e-63
7.300088209e+00  6.532633184e-64
7.327565462e+00  0.000000000e+00
7.355042715e+00  0.000000000e+00
7.382519968e+00  0.000000000e+00
7.409997221e+00  0.000000000e+00
7.437474474e+00  0.000000000e+00
7.464951727e+00  0.000000000e+00
7.492428980e+00  0.000000000e+00
7.519906233e+00  0.000000000e+00
7.547383486e+00  0.000000000e+00
7.574860739e+00  0.000000000e+00
7.602337992e+00  0.000000000e+00
7.629815245e+00  3.349272927e-63
7.657292498e+00  7.231932166e-63
7.684769751e+00  1.116885177e-62
7.712247004e+00  1.468090581e-62
7.739724257e+00  1.728896832e-62
7.767201510e+00  1.851391336e-62
7.794678763e+00  1.787661500e-62
7.822156016e+00  1.489794728e-62
7.849633269e+00  9.098784261e-63
7.877110522e+00  3.509934022e-76
7.904587775e+00  0.000000000e+00
7.932065028e+00  0.000000000e+00
7.959542281e+00  0.000000000e+00
7.987019534e+00  0.000000000e+00
8.014496787e+00  0.000000000e+00
8.041974040e+00  0.000000000e+00
8.069451293e+00  0.000000000e+00
8.096928546e+00  0.000000000e+00
8.124405799e+00  0.000000000e+00
8.151883052e+00  0.000000000e+00
8.179360305e+00  4.664935399e-62
8.206837558e+00  1.007278210e-61
8.234314811e+00  1.555620374e-61
8.261792064e+00  2.044786397e-61
8.289269317e+00  2.408042643e-61
8.316746570e+00  2.578655479e-61
8.344223823e+00  2.489891268e-61
8.371701076e+00  2.075016374e-61
8.399178329e+00  1.267297163e-61
8.426655582e+00  1.955482976e-74
8.454132835e+00  0.000000000e+00
8.481610088e+00  0.000000000e+00
8.509087341e+00  0.000000000e+00
8.536564594e+00  0.000000000e+00
8.564041847e+00  0.000000000e+00
8.591519100e+00  0.000000000e+00
8.618996353e+00  0.000000000e+00
8.646473606e+00  0.000000000e+00
8.673950859e+00  0.000000000e+00
8.701428112e+00  0.000000000e+00
8.728905365e+00  6.497416830e-61
8.756382618e+00  1.402957561e-60
8.783859871e+00  2.166699671e-60
8.811337124e+00  2.848020049e-60
8.838814377e+00  3.353970733e-60
8.866291630e+00  3.591603757e-60
8.893768883e+00  3.467971160e-60
8.921246136e+00  2.890124976e-60
8.948723389e+00  1.765117244e-60
8.976200642e+00  4.112583221e-73
9.003677895e+00  0.000000000e+00
9.031155148e+00  0.000000000e+00
9.058632401e+00  0.000000000e+00
9.086109654e+00  0.000000000e+00
9.113586907e+00  0.000000000e+00
9.141064160e+00  0.000000000e+00
9.168541413e+00  0.000000000e+00
9.196018666e+00  0.000000000e+00
9.223495919e+00  0.000000000e+00
9.250973172e+00  0.000000000e+00
9.278450425e+00  9.049734208e-60
9.305927678e+00  1.954067804e-59
9.333404931e+00  3.017823336e-59
9.360882184e+00  3.966780205e-59
9.388359437e+00  4.671478599e-59
9.415836690e+00  5.002458705e-59
9.443313943e+00  4.830260711e-59
9.470791196e+00  4.025424803e-59
9.498268449e+00  2.458491171e-59
9.525745702e+00  0.000000000e+00
9.553222955e+00  0.000000000e+00
9.580700208e+00  0.000000000e+00
9.608177461e+00  0.000000000e+00
9.635654714e+00  0.000000000e+00
9.663131967e+00  0.000000000e+00
9.690609220e+00  0.000000000e+00
9.718086473e+00  0.000000000e+00
9.745563726e+00  0.000000000e+00
9.773040979e+00  0.000000000e+00
9.800518232e+00  0.000000000e+00
9.827995485e+00  1.260465372e-58
9.855472738e+00  2.721665349e-58
9.882949991e+00  4.203285674e-58
9.910427244e+00  5.525012087e-58
9.937904497e+00  6.506530331e-58
9.965381750e+00  6.967526150e-58
9.992859003e+00  6.727685283e-58
1.002033626e+01  5.606693475e-58
1.004781351e+01  3.424236466e-58
1.007529076e+01  5.283714276e-71
1.010276801e+01  0.000000000e+00
1.013024527e+01  0.000000000e+00
1.015772252e+01  0.000000000e+00
1.018519977e+01  0.000000000e+00
1.021267703e+01  0.000000000e+00
1.024015428e+01  0.000000000e+00
1.026763153e+01  0.000000000e+00
1.029510879e+01  0.000000000e+00
1.032258604e+01  0.000000000e+00
1.035006329e+01  0.000000000e+00
1.037754054e+01  1.755601787e-57
1.040501780e+01  3.790790811e-57
1.043249505e+01  5.854421710e-57
1.045997230e+01  7.695349120e-57
1.048744956e+01  9.062427678e-57
1.051492681e+01  9.704512022e-57
1.054240406e+01  9.370456790e-57
1.056988132e+01  7.809116617e-57
1.059735857e+01  4.769346141e-57
1.062483582e+01  1.111219834e-69
1.065231307e+01  0.000000000e+00
1.067979033e+01  0.000000000e+00
1.070726758e+01  0.000000000e+00
1.073474483e+01  0.000000000e+00
1.076222209e+01  0.000000000e+00
1.078969934e+01  0.000000000e+00
1.081717659e+01  0.000000000e+00
1.084465385e+01  0.000000000e+00
1.087213110e+01  0.000000000e+00
1.089960835e+01  0.000000000e+00
1.092708560e+01  2.445237848e-56
1.095456286e+01  5.279890482e-56
1.098204011e+01  8.154157537e-56
1.100951736e+01  1.071823865e-55
1.103699462e+01  1.262233345e-55
1.106447187e+01  1.351664157e-55
1.109194912e+01  1.305136265e-55
1.111942638e+01  1.087669633e-55
1.114690363e+01  6.642842233e-56
1.117438088e+01  1.025013333e-68
1.120185813e+01  0.000000000e+00
1.122933539e+01  0.000000000e+00
1.125681264e+01  0.000000000e+00
1.128428989e+01  0.000000000e+00
1.131176715e+01  0.000000000e+00
1.133924440e+01  0.000000000e+00
1.136672165e+01  0.000000000e+00
1.139419891e+01  0.000000000e+00
1.142167616e+01  0.000000000e+00
1.144915341e+01  0.000000000e+00
1.147663066e+01  3.405776969e-55
1.150410792e+01  7.353938767e-55
1.153158517e+01  1.135727633e-54
1.155906242e+01  1.492858061e-54
1.158653968e+01  1.758064255e-54
1.161401693e+01  1.882625308e-54
1.164149418e+01  1.817820315e-54
1.166897144e+01  1.514928369e-54
1.169644869e+01  9.252285665e-55
1.172392594e+01  0.000000000e+00
1.175140319e+01  0.000000000e+00
1.177888045e+01  0.000000000e+00
1.180635770e+01  0.000000000e+00
1.183383495e+01  0.000000000e+00
1.186131221e+01  0.000000000e+00
1.188878946e+01  0.000000000e+00
1.191626671e+01  0.000000000e+00
1.194374397e+01  0.000000000e+00
1.197122122e+01  0.000000000e+00
1.199869847e+01  0.000000000e+00
1.202617572e+01  4.743635379e-54
1.205365298e+01  1.024271537e-53
1.208113023e+01  1.581864529e-53
1.210860748e+01  2.079283047e-53
1.213608474e+01  2.448667623e-53
1.216356199e+01  2.622158789e-53
1.219103924e+01  2.531897078e-53
1.221851650e+01  2.110023021e-53
1.224599375e+01  1.288677151e-53
1.227347100e+01  3.002515580e-66
1.230094825e+01  0.000000000e+00
1.232842551e+01  0.000000000e+00
1.235590276e+01  0.000000000e+00
1.238338001e+01  0.000000000e+00
1.241085727e+01  0.000000000e+00
1.243833452e+01  0.000000000e+00
1.246581177e+01  0.000000000e+00
1.249328903e+01  0.000000000e+00
1.252076628e+01  0.000000000e+00
1.254824353e+01  0.000000000e+00
1.257572078e+01  6.607031760e-53
1.260319804e+01  1.426626213e-52
1.263067529e+01  2.203253065e-52
1.265815254e+01  2.896067686e-52
1.268562980e+01  3.410554030e-52
1.271310705e+01  3.652196052e-52
1.274058430e+01  3.526477706e-52
1.276806156e+01  2.938882945e-52
1.279553881e+01  1.794895726e-52
1.282301606e+01  5.566757544e-65
1.285049331e+01  0.000000000e+00
1.287797057e+01  0.000000000e+00
1.290544782e+01  0.000000000e+00
1.293292507e+01  0.000000000e+00
1.296040233e+01  0.000000000e+00
1.298787958e+01  0.000000000e+00
1.301535683e+01  0.000000000e+00
1.304283409e+01  0.000000000e+00
1.307031134e+01  0.000000000e+00
1.309778859e+01  0.000000000e+00
1.312526584e+01  9.202408111e-52
1.315274310e+01  1.987033983e-51
1.318022035e+01  3.068735645e-51
1.320769760e+01  4.033701929e-51
1.323517486e+01  4.750288966e-51
1.326265211e+01  5.086852885e-51
1.329012936e+01  4.911749817e-51
1.331760662e+01  4.093335893e-51
1.334508387e+01  2.499967244e-51
1.337256112e+01  1.928767588e-64
1.340003837e+01  0.000000000e+00
1.342751563e+01  0.000000000e+00
1.345499288e+01  0.000000000e+00
1.348247013e+01  0.000000000e+00
1.350994739e+01  0.000000000e+00
1.353742464e+01  0.000000000e+00
1.356490189e+01  0.000000000e+00
1.359237914e+01  0.000000000e+00
1.361985640e+01  0.000000000e+00
1.364733365e+01  0.000000000e+00
1.367481090e+01  1.281730104e-50
1.370228816e+01  2.767581314e-50
1.372976541e+01  4.274197373e-50
1.375724266e+01  5.618222024e-50
1.378471992e+01  6.616299012e-50
1.381219717e+01  7.085072078e-50
1.383967442e+01  6.841184967e-50
1.386715167e+01  5.701281421e-50
1.389462893e+01  3.482005185e-50
1.392210618e+01  5.372853389e-63
1.394958343e+01  0.000000000e+00
1.397706069e+01  0.000000000e+00
1.400453794e+01  0.000000000e+00
1.403201519e+01  0.000000000e+00
1.405949245e+01  0.000000000e+00
1.408696970e+01  0.000000000e+00
1.411444695e+01  0.000000000e+00
1.414192420e+01  0.000000000e+00
1.416940146e+01  0.000000000e+00
1.419687871e+01  0.000000000e+00
1.422435596e+01  1.785219737e-49
1.425183322e+01  3.854743499e-49
1.427931047e+01  5.953188965e-49
1.430678772e+01  7.825173815e-49
1.433426498e+01  9.215315727e-49
1.436174223e+01  9.868232381e-49
1.438921948e+01  9.528541456e-49
1.441669673e+01  7.940860631e-49
1.444417399e+01  4.849807586e-49
1.447165124e+01  1.504137682e-61
1.449912849e+01  0.000000000e+00
1.452660575e+01  0.000000000e+00
1.455408300e+01  0.000000000e+00
1.458156025e+01  0.000000000e+00
1.460903751e+01  0.000000000e+00
1.463651476e+01  0.000000000e+00
1.466399201e+01  0.000000000e+00
1.469146926e+01  0.000000000e+00
1.471894652e+01  0.000000000e+00
1.474642377e+01  0.000000000e+00
1.477390102e+01  2.486490331e-48
1.480137828e+01  5.368965086e-48
1.482885553e+01  8.291722578e-48
1.485633278e+01  1.089906112e-47
1.488381004e+01  1.283527903e-47
1.491128729e+01  1.374467461e-47
1.493876454e+01  1.327154619e-47
1.496624179e+01  1.106019207e-47
1.499371905e+01  6.754910569e-48
1.502119630e+01  2.094993533e-60
1.504867355e+01  0.000000000e+00
1.507615081e+01  0.000000000e+00
1.510362806e+01  0.000000000e+00
1.513110531e+01  0.000000000e+00
1.515858257e+01  0.000000000e+00
1.518605982e+01  0.000000000e+00
1.521353707e+01  0.000000000e+00
1.524101432e+01  0.000000000e+00
1.526849158e+01  0.000000000e+00
1.529596883e+01  0.000000000e+00
1.532344608e+01  3.463234266e-47
1.535092334e+01  7.478003685e-47
1.537840059e+01  1.154887972e-46
1.540587784e+01  1.518043383e-46
1.543335510e+01  1.787723748e-46
1.546083235e+01  1.914386213e-46
1.548830960e+01  1.848487925e-46
1.551578685e+01  1.540486029e-46
1.554326411e+01  9.408376720e-47
1.557074136e+01  7.258723935e-60
1.559821861e+01  0.000000000e+00
1.562569587e+01  0.000000000e+00
1.565317312e+01  0.000000000e+00
1.568065037e+01  0.000000000e+00
1.570812763e+01  0.000000000e+00
1.573560488e+01  0.000000000e+00
1.576308213e+01  0.000000000e+00
1.579055938e+01  0.000000000e+00
1.581803664e+01  0.000000000e+00
1.584551389e+01  0.000000000e+00
1.587299114e+01  4.823663069e-46
1.590046840e+01  1.041551551e-45
1.592794565e+01  1.608551438e-45
1.595542290e+01  2.114361675e-45
1.598290016e+01  2.489977968e-45
1.601037741e+01  2.666396024e-45
1.603785466e+01  2.574611549e-45
1.606533191e+01  2.145620249e-45
1.609280917e+01  1.310417830e-45
1.612028642e+01  4.064179461e-58
1.614776367e+01  0.000000000e+00
1.617524093e+01  0.000000000e+00
1.620271818e+01  0.000000000e+00
1.623019543e+01  0.000000000e+00
1.625767269e+01  0.000000000e+00
1.628514994e+01  0.000000000e+00
1.631262719e+01  0.000000000e+00
1.634010444e+01  0.000000000e+00
1.636758170e+01  0.000000000e+00
1.639505895e+01  0.000000000e+00
1.642253620e+01  6.718495954e-45
1.645001346e+01  1.450694167e-44
1.647749071e+01  2.240423134e-44
1.650496796e+01  2.944925911e-44
1.653244522e+01  3.468091918e-44
1.655992247e+01  3.713810571e-44
1.658739972e+01  3.585971289e-44
1.661487697e+01  2.988463488e-44
1.664235423e+01  1.825176586e-44
1.666983148e+01  2.816310053e-57
1.669730873e+01  0.000000000e+00
1.672478599e+01  0.000000000e+00
1.675226324e+01  0.000000000e+00
1.677974049e+01  0.000000000e+00
1.680721775e+01  0.000000000e+00
1.683469500e+01  0.000000000e+00
1.686217225e+01  0.000000000e+00
1.688964950e+01  0.000000000e+00
1.691712676e+01  0.000000000e+00
1.694460401e+01  0.000000000e+00
1.697208126e+01  9.357657705e-44
1.699955852e+01  2.020556319e-43
1.702703577e+01  3.120506873e-43
1.705451302e+01  4.101752659e-43
1.708199028e+01  4.830428906e-43
1.710946753e+01  5.172670840e-43
1.713694478e+01  4.994613689e-43
1.716442203e+01  4.162392680e-43
1.719189929e+01  2.542143042e-43
1.721937654e+01  0.000000000e+00
1.724685379e+01  0.000000000e+00
1.727433105e+01  0.000000000e+00
1.730180830e+01  0.000000000e+00
1.732928555e+01  0.000000000e+00
1.735676281e+01  0.000000000e+00
1.738424006e+01  0.000000000e+00
1.741171731e+01  0.000000000e+00
1.743919456e+01  0.000000000e+00
1.746667182e+01  0.000000000e+00
1.749414907e+01  0.000000000e+00
1.752162632e+01  1.303353583e-42
1.754910358e+01  2.814271905e-42
1.757658083e+01  4.346305390e-42
1.760405808e+01  5.713004464e-42
1.763153534e+01  6.727919549e-42
1.765901259e+01  7.204601070e-42
1.768648984e+01  6.956599452e-42
1.771396709e+01  5.797465118e-42
1.774144435e+01  3.540748492e-42
1.776892160e+01  5.463496327e-55
1.779639885e+01  0.000000000e+00
1.782387611e+01  0.000000000e+00
1.785135336e+01  0.000000000e+00
1.787883061e+01  0.000000000e+00
1.790630787e+01  0.000000000e+00
1.793378512e+01  0.000000000e+00
1.796126237e+01  0.000000000e+00
1.798873962e+01  0.000000000e+00
1.801621688e+01  0.000000000e+00
1.804369413e+01  0.000000000e+00
1.807117138e+01  1.815337358e-41
1.809864864e+01  3.919775104e-41
1.812612589e+01  6.053622478e-41
1.815360314e+01  7.957188723e-41
1.818108039e+01  9.370783079e-41
1.820855765e+01  1.003471479e-40
1.823603490e+01  9.689293095e-41
1.826351215e+01  8.074827238e-41
1.829098941e+01  4.931626459e-41
1.831846666e+01  7.609668720e-54
1.834594391e+01  0.000000000e+00
1.837342117e+01  0.000000000e+00
1.840089842e+01  0.000000000e+00
1.842837567e+01  0.000000000e+00
1.845585292e+01  0.000000000e+00
1.848333018e+01  0.000000000e+00
1.851080743e+01  0.000000000e+00
1.853828468e+01  0.000000000e+00
1.856576194e+01  0.000000000e+00
1.859323919e+01  0.000000000e+00
1.862071644e+01  2.528438766e-40
1.864819370e+01  5.459542426e-40
1.867567095e+01  8.431608415e-40
1.870314820e+01  1.108293417e-39
1.873062545e+01  1.305181712e-39
1.875810271e+01  1.397655469e-39
1.878557996e+01  1.349544434e-39
1.881305721e+01  1.124678348e-39
1.884053447e+01  6.868869558e-40
1.886801172e+01  3.080252910e-197
1.889548897e+01  0.000000000e+00
1.892296623e+01  0.000000000e+00
1.895044348e+01  0.000000000e+00
1.897792073e+01  0.000000000e+00
1.900539798e+01  0.000000000e+00
1.903287524e+01  0.000000000e+00
1.906035249e+01  0.000000000e+00
1.908782974e+01  0.000000000e+00
1.911530700e+01  0.000000000e+00
1.914278425e+01  0.000000000e+00
1.917026150e+01  3.521660898e-39
1.919773876e+01  7.604161645e-39
1.922521601e+01  1.174371556e-38
1.925269326e+01  1.543653595e-38
1.928017051e+01  1.817883613e-38
1.930764777e+01  1.946682942e-38
1.933512502e+01  1.879672914e-38
1.936260227e+01  1.566474860e-38
1.939007953e+01  9.567101116e-39
1.941755678e+01  0.000000000e+00
1.944503403e+01  0.000000000e+00
1.947251129e+01  0.000000000e+00
1.949998854e+01  0.000000000e+00
1.952746579e+01  0.000000000e+00
1.955494304e+01  0.000000000e+00
1.958242030e+01  0.000000000e+00
1.960989755e+01  0.000000000e+00
1.963737480e+01  0.000000000e+00
1.966485206e+01  0.000000000e+00
1.969232931e+01  0.000000000e+00
1.971980656e+01  4.905040870e-38
1.974728382e+01  1.059123088e-37
1.977476107e+01  1.635688569e-37
1.980223832e+01  2.150032098e-37
1.982971557e+01  2.531985241e-37
1.985719283e+01  2.711379565e-37
1.988467008e+01  2.618046636e-37
1.991214733e+01  2.181818021e-37
1.993962459e+01  1.332525287e-37
1.996710184e+01  2.056132206e-50
1.999457909e+01  0.000000000e+00
2.002205635e+01  0.000000000e+00
2.004953360e+01  0.000000000e+00
2.007701085e+01  0.000000000e+00
2.010448810e+01  0.000000000e+00
2.013196536e+01  0.000000000e+00
2.015944261e+01  0.000000000e+00
2.018691986e+01  0.000000000e+00
2.021439712e+01  0.000000000e+00
2.024187437e+01  0.000000000e+00
2.026935162e+01  6.831840609e-37
2.029682888e+01  1.475168161e-36
2.032430613e+01  2.278220282e-36
2.035178338e+01  2.994608402e-36
2.037926063e+01  3.526600502e-36
2.040673789e+01  3.776464561e-36
2.043421514e+01  3.646468561e-36
2.046169239e+01  3.038880481e-36
2.048916965e+01  1.855968300e-36
2.051664690e+01  5.756170339e-49
2.054412415e+01  0.000000000e+00
2.057160141e+01  0.000000000e+00
2.059907866e+01  0.000000000e+00
2.062655591e+01  0.000000000e+00
2.065403316e+01  0.000000000e+00
2.068151042e+01  0.000000000e+00
2.070898767e+01  0.000000000e+00
2.073646492e+01  0.000000000e+00
2.076394218e+01  0.000000000e+00
2.079141943e+01  0.000000000e+00
2.081889668e+01  9.515526444e-36
2.084637394e+01  2.054644195e-35
2.087385119e+01  3.173151509e-35
2.090132844e+01  4.170951441e-35
2.092880569e+01  4.911920850e-35
2.095628295e+01  5.259936590e-35
2.098376020e+01  5.078875519e-35
2.101123745e+01  4.232614493e-35
2.103871471e+01  2.585030367e-35
2.106619196e+01  3.988790491e-48
2.109366921e+01  0.000000000e+00
2.112114647e+01  0.000000000e+00
2.114862372e+01  0.000000000e+00
2.117610097e+01  0.000000000e+00
2.120357822e+01  0.000000000e+00
2.123105548e+01  0.000000000e+00
2.125853273e+01  0.000000000e+00
2.128600998e+01  0.000000000e+00
2.131348724e+01  0.000000000e+00
2.134096449e+01  0.000000000e+00
2.136844174e+01  1.325341861e-34
2.139591900e+01  2.861750192e-34
2.142339625e+01  4.419629909e-34
2.145087350e+01  5.809385934e-34
2.147835075e+01  6.841423185e-34
2.150582801e+01  7.326146581e-34
2.153330526e+01  7.073961041e-34
2.156078251e+01  5.895271485e-34
2.158825977e+01  3.600482831e-34
2.161573702e+01  0.000000000e+00
2.164321427e+01  0.000000000e+00
2.167069153e+01  0.000000000e+00
2.169816878e+01  0.000000000e+00
2.172564603e+01  0.000000000e+00
2.175312328e+01  0.000000000e+00
2.178060054e+01  0.000000000e+00
2.180807779e+01  0.000000000e+00
2.183555504e+01  0.000000000e+00
2.186303230e+01  0.000000000e+00
2.189050955e+01  2.705920152e-142
2.191798680e+01  1.845963080e-33
2.194546406e+01  3.985903826e-33
2.197294131e+01  6.155750358e-33
2.200041856e+01  8.091430793e-33
2.202789581e+01  9.528873250e-33
2.205537307e+01  1.020400585e-32
2.208285032e+01  9.852756702e-33
2.211032757e+01  8.211053934e-33
2.213780483e+01  5.014825660e-33
2.216528208e+01  7.738047940e-46
2.219275933e+01  0.000000000e+00
2.222023659e+01  0.000000000e+00
2.224771384e+01  0.000000000e+00
2.227519109e+01  0.000000000e+00
2.230266834e+01  0.000000000e+00
2.233014560e+01  0.000000000e+00
2.235762285e+01  0.000000000e+00
2.238510010e+01  0.000000000e+00
2.241257736e+01  0.000000000e+00
2.244005461e+01  0.000000000e+00
2.246753186e+01  2.571094893e-32
2.249500912e+01  5.551647855e-32
2.252248637e+01  8.573854202e-32
2.254996362e+01  1.126990925e-31
2.257744087e+01  1.327200832e-31
2.260491813e+01  1.421234672e-31
2.263239538e+01  1.372311977e-31
2.265987263e+01  1.143652279e-31
2.268734989e+01  6.984751096e-32
2.271482714e+01  2.166277144e-44
2.274230439e+01  0.000000000e+00
2.276978165e+01  0.000000000e+00
2.279725890e+01  0.000000000e+00
2.282473615e+01  0.000000000e+00
2.285221340e+01  0.000000000e+00
2.287969066e+01  0.000000000e+00
2.290716791e+01  0.000000000e+00
2.293464516e+01  0.000000000e+00
2.296212242e+01  0.000000000e+00
2.298959967e+01  0.000000000e+00
2.301707692e+01  3.581073219e-31
2.304455417e+01  7.732447958e-31
2.307203143e+01  1.194183838e-30
2.309950868e+01  1.569695864e-30
2.312698593e+01  1.848552291e-30
2.315446319e+01  1.979524535e-30
2.318194044e+01  1.911384011e-30
2.320941769e+01  1.592902137e-30
2.323689495e+01  9.728503278e-31
2.326437220e+01  1.501141412e-43
2.329184945e+01  0.000000000e+00
2.331932670e+01  0.000000000e+00
2.334680396e+01  0.000000000e+00
2.337428121e+01  0.000000000e+00
2.340175846e+01  0.000000000e+00
2.342923572e+01  0.000000000e+00
2.345671297e+01  0.000000000e+00
2.348419022e+01  0.000000000e+00
2.351166748e+01  0.000000000e+00
2.353914473e+01  5.385994817e-182
2.356662198e+01  4.987791558e-30
2.359409923e+01  1.076991066e-29
2.362157649e+01  1.663283519e-29
2.364905374e+01  2.186304301e-29
2.367653099e+01  2.574701200e-29
2.370400825e+01  2.757122002e-29
2.373148550e+01  2.662214496e-29
2.375896275e+01  2.218626469e-29
2.378644001e+01  1.355005708e-29
2.381391726e+01  0.000000000e+00
2.384139451e+01  0.000000000e+00
2.386887176e+01  0.000000000e+00
2.389634902e+01  0.000000000e+00
2.392382627e+01  0.000000000e+00
2.395130352e+01  0.000000000e+00
2.397878078e+01  0.000000000e+00
2.400625803e+01  0.000000000e+00
2.403373528e+01  0.000000000e+00
2.406121254e+01  0.000000000e+00
2.408868979e+01  0.000000000e+00
2.411616704e+01  6.947097449e-29
2.414364429e+01  1.500055045e-28
2.417112155e+01  2.316655088e-28
2.419859880e+01  3.045129063e-28
2.422607605e+01  3.586096156e-28
2.425355331e+01  3.840175558e-28
2.428103056e+01  3.707986455e-28
2.430850781e+01  3.090148035e-28
2.433598507e+01  1.887279488e-28
2.436346232e+01  5.853280041e-41
2.439093957e+01  0.000000000e+00
2.441841682e+01  0.000000000e+00
2.444589408e+01  0.000000000e+00
2.447337133e+01  0.000000000e+00
2.450084858e+01  0.000000000e+00
2.452832584e+01  0.000000000e+00
2.455580309e+01  0.000000000e+00
2.458328034e+01  0.000000000e+00
2.461075760e+01  0.000000000e+00
2.463823485e+01  0.000000000e+00
2.466571210e+01  9.676058513e-28
2.469318935e+01  2.089307152e-27
2.472066661e+01  3.226684288e-27
2.474814386e+01  4.241317645e-27
2.477562111e+01  4.994787607e-27
2.480309837e+01  5.348674561e-27
2.483057562e+01  5.164558892e-27
2.485805287e+01  4.304020985e-27
2.488553013e+01  2.628641226e-27
2.491300738e+01  1.220865094e-39
2.494048463e+01  0.000000000e+00
2.496796188e+01  0.000000000e+00
2.499543914e+01  0.000000000e+00
2.502291639e+01  0.000000000e+00
2.505039364e+01  0.000000000e+00
2.507787090e+01  0.000000000e+00
2.510534815e+01  0.000000000e+00
2.513282540e+01  0.000000000e+00
2.516030266e+01  0.000000000e+00
2.518777991e+01  0.000000000e+00
2.521525716e+01  1.347701094e-26
2.524273441e+01  2.910029463e-26
2.527021167e+01  4.494191452e-26
2.529768892e+01  5.907393412e-26
2.532516617e+01  6.956841688e-26
2.535264343e+01  7.449742630e-26
2.538012068e+01  7.193302584e-26
2.540759793e+01  5.994727898e-26
2.543507519e+01  3.661224921e-26
2.546255244e+01  5.649395588e-39
2.549002969e+01  0.000000000e+00
2.551750694e+01  0.000000000e+00
2.554498420e+01  0.000000000e+00
2.557246145e+01  0.000000000e+00
2.559993870e+01  0.000000000e+00
2.562741596e+01  0.000000000e+00
2.565489321e+01  0.000000000e+00
2.568237046e+01  0.000000000e+00
2.570984772e+01  0.000000000e+00
2.573732497e+01  0.000000000e+00
2.576480222e+01  1.877105474e-25
2.579227947e+01  4.053148176e-25
2.581975673e+01  6.259601191e-25
2.584723398e+01  8.227937600e-25
2.587471123e+01  9.689630487e-25
2.590218849e+01  1.037615294e-24
2.592966574e+01  1.001897803e-24
2.595714299e+01  8.349578848e-25
2.598462025e+01  5.099428477e-25
2.601209750e+01  8.563618804e-83
2.603957475e+01  0.000000000e+00
2.606705200e+01  0.000000000e+00
2.609452926e+01  0.000000000e+00
2.612200651e+01  0.000000000e+00
2.614948376e+01  0.000000000e+00
2.617696102e+01  0.000000000e+00
2.620443827e+01  0.000000000e+00
2.623191552e+01  0.000000000e+00
2.625939278e+01  0.000000000e+00
2.628687003e+01  0.000000000e+00
2.631434728e+01  2.614470652e-24
2.634182453e+01  5.645307152e-24
2.636930179e+01  8.718499752e-24
2.639677904e+01  1.146003871e-23
2.642425629e+01  1.349591427e-23
2.645173355e+01  1.445211668e-23
2.647921080e+01  1.395463621e-23
2.650668805e+01  1.162946311e-23
2.653416531e+01  7.102587619e-24
2.656164256e+01  2.202823409e-36
2.658911981e+01  0.000000000e+00
2.661659706e+01  0.000000000e+00
2.664407432e+01  0.000000000e+00
2.667155157e+01  0.000000000e+00
2.669902882e+01  0.000000000e+00
2.672650608e+01  0.000000000e+00
2.675398333e+01  0.000000000e+00
2.678146058e+01  0.000000000e+00
2.680893784e+01  0.000000000e+00
2.683641509e+01  0.000000000e+00
2.686389234e+01  3.641487858e-23
2.689136959e+01  7.862898531e-23
2.691884685e+01  1.214330364e-22
2.694632410e+01  1.596177481e-22
2.697380135e+01  1.879738367e-22
2.700127861e+01  2.012920183e-22
2.702875586e+01  1.943630092e-22
2.705623311e+01  1.619775256e-22
2.708371037e+01  9.892628382e-23
2.711118762e+01  1.526545243e-35
2.713866487e+01  0.000000000e+00
2.716614212e+01  0.000000000e+00
2.719361938e+01  0.000000000e+00
2.722109663e+01  0.000000000e+00
2.724857388e+01  0.000000000e+00
2.727605114e+01  0.000000000e+00
2.730352839e+01  0.000000000e+00
2.733100564e+01  0.000000000e+00
2.735848290e+01  0.000000000e+00
2.738596015e+01  0.000000000e+00
2.741343740e+01  5.071938295e-22
2.744091465e+01  1.095160487e-21
2.746839191e+01  1.691344010e-21
2.749586916e+01  2.223188435e-21
2.752334641e+01  2.618137799e-21
2.755082367e+01  2.803636139e-21
2.757830092e+01  2.707127492e-21
2.760577817e+01  2.256055896e-21
2.763325543e+01  1.377865386e-21
2.766073268e+01  4.273363900e-34
2.768820993e+01  0.000000000e+00
2.771568718e+01  0.000000000e+00
2.774316444e+01  0.000000000e+00
2.777064169e+01  0.000000000e+00
2.779811894e+01  0.000000000e+00
2.782559620e+01  0.000000000e+00
2.785307345e+01  0.000000000e+00
2.788055070e+01  0.000000000e+00
2.790802795e+01  0.000000000e+00
2.793550521e+01  0.000000000e+00
2.796298246e+01  7.064298734e-21
2.799045971e+01  1.525361784e-20
2.801793697e+01  2.355738310e-20
2.804541422e+01  3.096502034e-20
2.807289147e+01  3.646595535e-20
2.810036873e+01  3.904961393e-20
2.812784598e+01  3.770542188e-20
2.815532323e+01  3.142280501e-20
2.818280048e+01  1.919118912e-20
2.821027774e+01  1.749076892e-53
2.823775499e+01  0.000000000e+00
2.826523224e+01  0.000000000e+00
2.829270950e+01  0.000000000e+00
2.832018675e+01  0.000000000e+00
2.834766400e+01  0.000000000e+00
2.837514126e+01  0.000000000e+00
2.840261851e+01  0.000000000e+00
2.843009576e+01  0.000000000e+00
2.845757301e+01  0.000000000e+00
2.848505027e+01  0.000000000e+00
2.851252752e+01  9.839298845e-20
2.854000477e+01  2.124554892e-19
2.856748203e+01  3.281120194e-19
2.859495928e+01  4.312870964e-19
2.862243653e+01  5.079052371e-19
2.864991379e+01  5.438909589e-19
2.867739104e+01  5.251687789e-19
2.870486829e+01  4.376632143e-19
2.873234554e+01  2.672987823e-19
2.875982280e+01  4.124512145e-32
2.878730005e+01  0.000000000e+00
2.881477730e+01  0.000000000e+00
2.884225456e+01  0.000000000e+00
2.886973181e+01  0.000000000e+00
2.889720906e+01  0.000000000e+00
2.892468632e+01  0.000000000e+00
2.895216357e+01  0.000000000e+00
2.897964082e+01  0.000000000e+00
2.900711807e+01  0.000000000e+00
2.903459533e+01  0.000000000e+00
2.906207258e+01  1.370437540e-18
2.908954983e+01  2.959123231e-18
2.911702709e+01  4.570010889e-18
2.914450434e+01  6.007054329e-18
2.917198159e+01  7.074207364e-18
2.919945885e+01  7.575423811e-18
2.922693610e+01  7.314657483e-18
2.925441335e+01  6.095862195e-18
2.928189060e+01  3.722991763e-18
2.930936786e+01  1.729133152e-30
2.933684511e+01  0.000000000e+00
2.936432236e+01  0.000000000e+00
2.939179962e+01  0.000000000e+00
2.941927687e+01  0.000000000e+00
2.944675412e+01  0.000000000e+00
2.947423138e+01  0.000000000e+00
2.950170863e+01  0.000000000e+00
2.952918588e+01  0.000000000e+00
2.955666313e+01  0.000000000e+00
2.958414039e+01  0.000000000e+00
2.961161764e+01  1.908773257e-17
2.963909489e+01  4.121526975e-17
2.966657215e+01  6.365204043e-17
2.969404940e+01  8.366747350e-17
2.972152665e+01  9.853099786e-17
2.974900391e+01  1.055120424e-16
2.977648116e+01  1.018800360e-16
2.980395841e+01  8.490440752e-17
2.983143566e+01  5.185458589e-17
2.985891292e+01  4.645103017e-31
2.988639017e+01  0.000000000e+00
2.991386742e+01  0.000000000e+00
2.994134468e+01  0.000000000e+00
2.996882193e+01  0.000000000e+00
2.999629918e+01  0.000000000e+00
3.002377644e+01  0.000000000e+00
3.005125369e+01  0.000000000e+00
3.007873094e+01  0.000000000e+00
3.010620819e+01  0.000000000e+00
3.013368545e+01  0.000000000e+00
3.016116270e+01  2.658578184e-16
3.018863995e+01  5.740546533e-16
3.021611721e+01  8.865585554e-16
3.024359446e+01  1.165337575e-15
3.027107171e+01  1.372359764e-15
3.029854897e+01  1.469593172e-15
3.032602622e+01  1.419005850e-15
3.035350347e+01  1.182565849e-15
3.038098072e+01  7.222412195e-16
3.040845798e+01  1.199773057e-23
3.043593523e+01  0.000000000e+00
3.046341248e+01  0.000000000e+00
3.049088974e+01  0.000000000e+00
3.051836699e+01  0.000000000e+00
3.054584424e+01  0.000000000e+00
3.057332150e+01  0.000000000e+00
3.060079875e+01  0.000000000e+00
3.062827600e+01  0.000000000e+00
3.065575325e+01  0.000000000e+00
3.068323051e+01  1.468443863e-23
3.071070776e+01  3.702933198e-15
3.073818501e+01  7.995641626e-15
3.076566227e+01  1.234847740e-14
3.079313952e+01  1.623179262e-14
3.082061677e+01  1.911593940e-14
3.084809403e+01  2.047126983e-14
3.087557128e+01  1.976813601e-14
3.090304853e+01  1.647689005e-14
3.093052578e+01  1.006788405e-14
3.095800304e+01  1.147011910e-17
3.098548029e+01  0.000000000e+00
3.101295754e+01  0.000000000e+00
3.104043480e+01  0.000000000e+00
3.106791205e+01  0.000000000e+00
3.109538930e+01  0.000000000e+00
3.112286656e+01  0.000000000e+00
3.115034381e+01  0.000000000e+00
3.117782106e+01  0.000000000e+00
3.120529831e+01  0.000000000e+00
3.123277557e+01  6.499734089e-17
3.126025282e+01  5.164555301e-14
3.128773007e+01  1.114387649e-13
3.131520733e+01  1.720659657e-13
3.134268458e+01  2.261484880e-13
3.137016183e+01  2.663076644e-13
3.139763909e+01  2.851648276e-13
3.142511634e+01  2.753413101e-13
3.145259359e+01  2.294584446e-13
3.148007084e+01  1.401375637e-13
3.150754810e+01  9.329196526e-23
3.153502535e+01  0.000000000e+00
3.156250260e+01  0.000000000e+00
3.158997986e+01  0.000000000e+00
3.161745711e+01  0.000000000e+00
3.164493436e+01  0.000000000e+00
3.167241162e+01  0.000000000e+00
3.169988887e+01  0.000000000e+00
3.172736612e+01  0.000000000e+00
3.175484337e+01  0.000000000e+00
3.178232063e+01  1.915366681e-20
3.180979788e+01  7.184551105e-13
3.183727513e+01  1.551326726e-12
3.186475239e+01  2.395837412e-12
3.189222964e+01  3.149209715e-12
3.191970689e+01  3.708666181e-12
3.194718415e+01  3.971429356e-12
3.197466140e+01  3.834721787e-12
3.200213865e+01  3.195766020e-12
3.202961590e+01  1.951784602e-12
3.205709316e+01  7.791542329e-20
3.208457041e+01  0.000000000e+00
3.211204766e+01  0.000000000e+00
3.213952492e+01  0.000000000e+00
3.216700217e+01  0.000000000e+00
3.219447942e+01  0.000000000e+00
3.222195668e+01  0.000000000e+00
3.224943393e+01  0.000000000e+00
3.227691118e+01  0.000000000e+00
3.230438843e+01  0.000000000e+00
3.233186569e+01  3.412133264e-17
3.235934294e+01  1.000681817e-11
3.238682019e+01  2.160722511e-11
3.241429745e+01  3.336974755e-11
3.244177470e+01  4.386287808e-11
3.246925195e+01  5.165510931e-11
3.249672921e+01  5.531493383e-11
3.252420646e+01  5.341084424e-11
3.255168371e+01  4.451133314e-11
3.257916096e+01  2.718489313e-11
3.260663822e+01  1.680978409e-17
3.263411547e+01  0.000000000e+00
3.266159272e+01  0.000000000e+00
3.268906998e+01  0.000000000e+00
3.271654723e+01  0.000000000e+00
3.274402448e+01  0.000000000e+00
3.277150173e+01  0.000000000e+00
3.279897899e+01  0.000000000e+00
3.282645624e+01  0.000000000e+00
3.285393349e+01  0.000000000e+00
3.288141075e+01  1.530149823e-17
3.290888800e+01  1.393770959e-10
3.293636525e+01  3.009538975e-10
3.296384251e+01  4.647954954e-10
3.299131976e+01  6.109669650e-10
3.301879701e+01  7.195333818e-10
3.304627426e+01  7.705598212e-10
3.307375152e+01  7.441113586e-10
3.310122877e+01  6.202530693e-10
3.312870602e+01  3.790500289e-10
3.315618328e+01  5.673127653e-13
3.318366053e+01  0.000000000e+00
3.321113778e+01  0.000000000e+00
3.323861504e+01  0.000000000e+00
3.326609229e+01  0.000000000e+00
3.329356954e+01  0.000000000e+00
3.332104679e+01  0.000000000e+00
3.334852405e+01  0.000000000e+00
3.337600130e+01  0.000000000e+00
3.340347855e+01  0.000000000e+00
3.343095581e+01  8.423042763e-13
3.345843306e+01  1.966199517e-09
3.348591031e+01  4.388144232e-09
3.351338757e+01  7.136557732e-09
3.354086482e+01  1.008132130e-08
3.356834207e+01  1.309231622e-08
3.359581932e+01  1.603942378e-08
3.362329658e+01  1.879252526e-08
3.365077383e+01  2.122150195e-08
3.367825108e+01  2.319623512e-08
3.370572834e+01  2.458660606e-08
3.373320559e+01  2.529801079e-08
3.376068284e+01  2.537790420e-08
3.378816010e+01  2.490925590e-08
3.381563735e+01  2.397503554e-08
3.384311460e+01  2.265821272e-08
3.387059185e+01  2.104175708e-08
3.389806911e+01  1.920863824e-08
3.392554636e+01  1.724182581e-08
3.395302361e+01  1.522428943e-08
3.398050087e+01  1.323899872e-08
3.400797812e+01  1.135551246e-08
3.403545537e+01  9.589746084e-09
3.406293263e+01  7.944204203e-09
3.409040988e+01  6.421391410e-09
3.411788713e+01  5.023812307e-09
3.414536438e+01  3.753971492e-09
3.417284164e+01  2.614373565e-09
3.420031889e+01  1.607523125e-09
3.422779614e+01  7.359247726e-10
3.425527340e+01  2.083107005e-12
3.428275065e+01  0.000000000e+00
3.431022790e+01  0.000000000e+00
3.433770516e+01  0.000000000e+00
3.436518241e+01  0.000000000e+00
3.439265966e+01  0.000000000e+00
3.442013691e+01  0.000000000e+00
3.444761417e+01  0.000000000e+00
3.447509142e+01  0.000000000e+00
3.450256867e+01  0.000000000e+00
3.453004593e+01  5.176171414e-10
3.455752318e+01  1.365670851e-09
3.458500043e+01  2.314609595e-09
3.461247769e+01  3.316431866e-09
3.463995494e+01  4.323136155e-09
3.466743219e+01  5.286720953e-09
3.469490944e+01  6.159184753e-09
3.472238670e+01  6.892526047e-09
3.474986395e+01  7.438743326e-09
3.477734120e+01  7.749835082e-09
3.480481846e+01  7.777799807e-09
3.483229571e+01  7.497137509e-09
3.485977296e+01  6.972354269e-09
3.488725022e+01  6.290457682e-09
3.491472747e+01  5.538455343e-09
3.494220472e+01  4.803354851e-09
3.496968197e+01  4.172163800e-09
3.499715923e+01  3.731889787e-09
3.502463648e+01  3.569540407e-09
3.505211373e+01  3.772123258e-09
3.507959099e+01  4.426645936e-09
3.510706824e+01  5.601107859e-09
3.513454549e+01  7.287475736e-09
3.516202275e+01  9.458708098e-09
3.518950000e+01  1.208776348e-08
3.521697725e+01  1.514760040e-08
3.524445450e+01  1.861117741e-08
3.527193176e+01  2.245145303e-08
3.529940901e+01  2.664138579e-08
3.532688626e+01  3.115393422e-08
3.535436352e+01  3.596205686e-08
3.538184077e+01  4.103656296e-08
3.540931802e+01  4.633966464e-08
3.543679528e+01  5.183142475e-08
3.546427253e+01  5.747190616e-08
3.549174978e+01  6.322117169e-08
3.551922703e+01  6.903928422e-08
3.554670429e+01  7.488630657e-08
3.557418154e+01  8.072230161e-08
3.560165879e+01  8.650733219e-08
3.562913605e+01  9.220146114e-08
3.565661330e+01  9.787071990e-08
3.568409055e+01  1.040050141e-07
3.571156781e+01  1.112002181e-07
3.573904506e+01  1.200522060e-07
3.576652231e+01  1.311568520e-07
3.579399956e+01  1.451100305e-07
3.582147682e+01  1.625076157e-07
3.584895407e+01  1.839454818e-07
3.587643132e+01  2.100195030e-07
3.590390858e+01  2.413255536e-07
3.593138583e+01  2.781777528e-07
3.595886308e+01  3.197631997e-07
3.598634034e+01  3.649872384e-07
3.601381759e+01  4.127552129e-07
3.604129484e+01  4.619724674e-07
3.606877209e+01  5.115443458e-07
3.609624935e+01  5.603761923e-07
3.612372660e+01  6.073733509e-07
3.615120385e+01  6.514411657e-07
3.617868111e+01  6.914849808e-07
3.620615836e+01  7.269052159e-07
3.623363561e+01  7.590825932e-07
3.626111287e+01  7.898929104e-07
3.628859012e+01  8.212119655e-07
3.631606737e+01  8.549155562e-07
3.634354462e+01  8.928794803e-07
3.637102188e+01  9.369795358e-07
3.639849913e+01  9.890915203e-07
3.642597638e+01  1.051091232e-06
3.645345364e+01  1.124854468e-06
3.648093089e+01  1.211054877e-06
3.650840814e+01  1.305557510e-06
3.653588540e+01  1.403025267e-06
3.656336265e+01  1.498121051e-06
3.659083990e+01  1.585507760e-06
3.661831715e+01  1.659848298e-06
3.664579441e+01  1.715805565e-06
3.667327166e+01  1.748042461e-06
3.670074891e+01  1.751221888e-06
3.672822617e+01  1.720006747e-06
3.675570342e+01  1.652942923e-06
3.678318067e+01  1.564108237e-06
3.681065793e+01  1.471463492e-06
3.683813518e+01  1.392969495e-06
3.686561243e+01  1.346587049e-06
3.689308968e+01  1.350276960e-06
3.692056694e+01  1.422000031e-06
3.694804419e+01  1.579717068e-06
3.697552144e+01  1.841388874e-06
3.700299870e+01  2.224976256e-06
3.703047595e+01  2.735815272e-06
3.705795320e+01  3.328743005e-06
3.708543046e+01  3.945971794e-06
3.711290771e+01  4.529713976e-06
3.714038496e+01  5.022181889e-06
3.716786221e+01  5.365587870e-06
3.719533947e+01  5.502144259e-06
3.722281672e+01  5.374063392e-06
3.725029397e+01  4.923557608e-06
3.727777123e+01  4.092839244e-06
3.730524848e+01  2.870810585e-06
3.733272573e+01  1.433133699e-06
3.736020299e+01  2.160598898e-09
3.738768024e+01  0.000000000e+00
3.741515749e+01  0.000000000e+00
3.744263474e+01  0.000000000e+00
3.747011200e+01  0.000000000e+00
3.749758925e+01  7.301724018e-07
3.752506650e+01  4.008814322e-06
3.755254376e+01  8.850624129e-06
3.758002101e+01  1.538124624e-05
3.760749826e+01  2.333949471e-05
3.763497551e+01  3.236747598e-05
3.766245277e+01  4.210729652e-05
3.768993002e+01  5.220106276e-05
3.771740727e+01  6.229088117e-05
3.774488453e+01  7.201885819e-05
3.777236178e+01  8.102710028e-05
3.779983903e+01  8.895771390e-05
3.782731629e+01  9.545280548e-05
3.785479354e+01  1.002584925e-04
3.788227079e+01  1.035369367e-04
3.790974804e+01  1.055543105e-04
3.793722530e+01  1.065767868e-04
3.796470255e+01  1.068705380e-04
3.799217980e+01  1.067017370e-04
3.801965706e+01  1.063365563e-04
3.804713431e+01  1.060411686e-04
3.807461156e+01  1.060817466e-04
3.810208882e+01  1.067244628e-04
3.812956607e+01  1.081690420e-04
3.815704332e+01  1.103494168e-04
3.818452057e+01  1.131330718e-04
3.821199783e+01  1.163874916e-04
3.823947508e+01  1.199801610e-04
3.826695233e+01  1.237785645e-04
3.829442959e+01  1.276501868e-04
3.832190684e+01  1.314625125e-04
3.834938409e+01  1.350830262e-04
3.837686135e+01  1.383792126e-04
3.840433860e+01  1.412788919e-04
3.843181585e+01  1.439512260e-04
3.845929310e+01  1.466257124e-04
3.848677036e+01  1.495318488e-04
3.851424761e+01  1.528991326e-04
3.854172486e+01  1.569570613e-04
3.856920212e+01  1.619351325e-04
3.859667937e+01  1.680628437e-04
3.862415662e+01  1.755696924e-04
3.865163388e+01  1.846851761e-04
3.867911113e+01  1.956023034e-04
3.870658838e+01  2.083681271e-04
3.873406563e+01  2.229932108e-04
3.876154289e+01  2.394881185e-04
3.878902014e+01  2.578634137e-04
3.881649739e+01  2.781296603e-04
3.884397465e+01  3.002974221e-04
3.887145190e+01  3.243772628e-04
3.889892915e+01  3.503797462e-04
3.892640641e+01  3.783154361e-04
3.895388366e+01  4.080501893e-04
3.898136091e+01  4.388710355e-04
3.900883816e+01  4.699202972e-04
3.903631542e+01  5.003402971e-04
3.906379267e+01  5.292733580e-04
3.909126992e+01  5.558618024e-04
3.911874718e+01  5.792479531e-04
3.914622443e+01  5.985741328e-04
3.917370168e+01  6.129826640e-04
3.920117894e+01  6.216158695e-04
3.922865619e+01  6.240360694e-04
3.925613344e+01  6.214855732e-04
3.928361069e+01  6.156266877e-04
3.931108795e+01  6.081217200e-04
3.933856520e+01  6.006329770e-04
3.936604245e+01  5.948227656e-04
3.939351971e+01  5.923533927e-04
3.942099696e+01  5.948871653e-04
3.944847421e+01  6.040863902e-04
3.947595147e+01  6.216133745e-04
3.950342872e+01  6.485242854e-04
3.953090597e+01  6.834507314e-04
3.955838322e+01  7.244181815e-04
3.958586048e+01  7.694521046e-04
3.961333773e+01  8.165779697e-04
3.964081498e+01  8.638212456e-04
3.966829224e+01  9.092074012e-04
3.969576949e+01  9.507619056e-04
3.972324674e+01  9.865102275e-04
3.975072400e+01  1.014477836e-03
3.977820125e+01  1.033358297e-03
3.980567850e+01  1.044517566e-03
3.983315575e+01  1.049989696e-03
3.986063301e+01  1.051808738e-03
3.988811026e+01  1.052008747e-03
3.991558751e+01  1.052623773e-03
3.994306477e+01  1.055687869e-03
3.997054202e+01  1.063235089e-03
3.999801927e+01  1.077299484e-03
4.002549653e+01  1.099915107e-03
4.005297378e+01  1.132544391e-03
4.008045103e+01  1.174363286e-03
4.010792828e+01  1.223976123e-03
4.013540554e+01  1.279987232e-03
4.016288279e+01  1.341000946e-03
4.019036004e+01  1.405621593e-03
4.021783730e+01  1.472453506e-03
4.024531455e+01  1.540101014e-03
4.027279180e+01  1.607168449e-03
4.030026906e+01  1.672260142e-03
4.032774631e+01  1.734293849e-03
4.035522356e+01  1.793441037e-03
4.038270081e+01  1.850186597e-03
4.041017807e+01  1.905015422e-03
4.043765532e+01  1.958412405e-03
4.046513257e+01  2.010862438e-03
4.049260983e+01  2.062850412e-03
4.052008708e+01  2.114861221e-03
4.054756433e+01  2.167379756e-03
4.057504159e+01  2.220890910e-03
4.060251884e+01  2.275606822e-03
4.062999609e+01  2.330648615e-03
4.065747334e+01  2.384864660e-03
4.068495060e+01  2.437103326e-03
4.071242785e+01  2.486212983e-03
4.073990510e+01  2.531042003e-03
4.076738236e+01  2.570438754e-03
4.079485961e+01  2.603251607e-03
4.082233686e+01  2.628328932e-03
4.084981412e+01  2.644519099e-03
4.087729137e+01  2.651394449e-03
4.090476862e+01  2.651423207e-03
4.093224587e+01  2.647797570e-03
4.095972313e+01  2.643709733e-03
4.098720038e+01  2.642351892e-03
4.101467763e+01  2.646916244e-03
4.104215489e+01  2.660594984e-03
4.106963214e+01  2.686580309e-03
4.109710939e+01  2.728064415e-03
4.112458665e+01  2.788239498e-03
4.115206390e+01  2.868917482e-03
4.117954115e+01  2.966389212e-03
4.120701840e+01  3.075565257e-03
4.123449566e+01  3.191356191e-03
4.126197291e+01  3.308672584e-03
4.128945016e+01  3.422425008e-03
4.131692742e+01  3.527524036e-03
4.134440467e+01  3.618880238e-03
4.137188192e+01  3.691404187e-03
4.139935918e+01  3.740006454e-03
4.142683643e+01  3.761522853e-03
4.145431368e+01  3.760490172e-03
4.148179093e+01  3.743370440e-03
4.150926819e+01  3.716625686e-03
4.153674544e+01  3.686717939e-03
4.156422269e+01  3.660109228e-03
4.159169995e+01  3.643261584e-03
4.161917720e+01  3.642637036e-03
4.164665445e+01  3.664697613e-03
4.167413171e+01  3.715905344e-03
4.170160896e+01  3.800614698e-03
4.172908621e+01  3.914749900e-03
4.175656346e+01  4.052127615e-03
4.178404072e+01  4.206564506e-03
4.181151797e+01  4.371877239e-03
4.183899522e+01  4.541882477e-03
4.186647248e+01  4.710396885e-03
4.189394973e+01  4.871237127e-03
4.192142698e+01  5.018219867e-03
4.194890424e+01  5.145161770e-03
4.197638149e+01  5.247101088e-03
4.200385874e+01  5.323962418e-03
4.203133599e+01  5.376891948e-03
4.205881325e+01  5.407035862e-03
4.208629050e+01  5.415540349e-03
4.211376775e+01  5.403551592e-03
4.214124501e+01  5.372215779e-03
4.216872226e+01  5.322679096e-03
4.219619951e+01  5.256087727e-03
4.222367676e+01  5.173587861e-03
4.225115402e+01  5.077080903e-03
4.227863127e+01  4.971489144e-03
4.230610852e+01  4.862490097e-03
4.233358578e+01  4.755761273e-03
4.236106303e+01  4.656980185e-03
4.238854028e+01  4.571824343e-03
4.241601754e+01  4.505971260e-03
4.244349479e+01  4.465098447e-03
4.247097204e+01  4.454883418e-03
4.249844929e+01  4.481003683e-03
4.252592655e+01  4.546998293e-03
4.255340380e+01  4.647852455e-03
4.258088105e+01  4.776412916e-03
4.260835831e+01  4.925526420e-03
4.263583556e+01  5.088039714e-03
4.266331281e+01  5.256799544e-03
4.269079007e+01  5.424652655e-03
4.271826732e+01  5.584445793e-03
4.274574457e+01  5.729025705e-03
4.277322182e+01  5.851239135e-03
4.280069908e+01  5.945500139e-03
4.282817633e+01  6.012492008e-03
4.285565358e+01  6.054465339e-03
4.288313084e+01  6.073670734e-03
4.291060809e+01  6.072358790e-03
4.293808534e+01  6.052780107e-03
4.296556260e+01  6.017185284e-03
4.299303985e+01  5.967824921e-03
4.302051710e+01  5.906949616e-03
4.304799435e+01  5.836809970e-03
4.307547161e+01  5.759602102e-03
4.310294886e+01  5.677304220e-03
4.313042611e+01  5.591840052e-03
4.315790337e+01  5.505133326e-03
4.318538062e+01  5.419107772e-03
4.321285787e+01  5.335687117e-03
4.324033513e+01  5.256795090e-03
4.326781238e+01  5.184355419e-03
4.329528963e+01  5.120291833e-03
4.332276688e+01  5.066528060e-03
4.335024414e+01  5.024413529e-03
4.337772139e+01  4.993000467e-03
4.340519864e+01  4.970766803e-03
4.343267590e+01  4.956190464e-03
4.346015315e+01  4.947749379e-03
4.348763040e+01  4.943921475e-03
4.351510766e+01  4.943184680e-03
4.354258491e+01  4.944016922e-03
4.357006216e+01  4.944896129e-03
4.359753941e+01  4.944300229e-03
4.362501667e+01  4.941359515e-03
4.365249392e+01  4.937813740e-03
4.367997117e+01  4.936055022e-03
4.370744843e+01  4.938475481e-03
4.373492568e+01  4.947467234e-03
4.376240293e+01  4.965422400e-03
4.378988019e+01  4.994733097e-03
4.381735744e+01  5.037791444e-03
4.384483469e+01  5.096989558e-03
4.387231194e+01  5.174719560e-03
4.389978920e+01  5.271698796e-03
4.392726645e+01  5.381945539e-03
4.395474370e+01  5.497803290e-03
4.398222096e+01  5.611615550e-03
4.400969821e+01  5.715725821e-03
4.403717546e+01  5.802477604e-03
4.406465272e+01  5.864214402e-03
4.409212997e+01  5.893279714e-03
4.411960722e+01  5.882017043e-03
4.414708447e+01  5.822769890e-03
4.417456173e+01  5.710822316e-03
4.420203898e+01  5.553220613e-03
4.422951623e+01  5.359951632e-03
4.425699349e+01  5.141002227e-03
4.428447074e+01  4.906359248e-03
4.431194799e+01  4.666009546e-03
4.433942525e+01  4.429939974e-03
4.436690250e+01  4.208137384e-03
4.439437975e+01  4.010588626e-03
4.442185700e+01  3.847280553e-03
4.444933426e+01  3.725623420e-03
4.447681151e+01  3.642721106e-03
4.450428876e+01  3.593100890e-03
4.453176602e+01  3.571290055e-03
4.455924327e+01  3.571815882e-03
4.458672052e+01  3.589205653e-03
4.461419778e+01  3.617986649e-03
4.464167503e+01  3.652686151e-03
4.466915228e+01  3.687831441e-03
4.469662953e+01  3.717949802e-03
4.472410679e+01  3.738784774e-03
4.475158404e+01  3.750944949e-03
4.477906129e+01  3.756255177e-03
4.480653855e+01  3.756540310e-03
4.483401580e+01  3.753625197e-03
4.486149305e+01  3.749334690e-03
4.488897031e+01  3.745493640e-03
4.491644756e+01  3.743926898e-03
4.494392481e+01  3.746459316e-03
4.497140206e+01  3.754915743e-03
4.499887932e+01  3.770440449e-03
4.502635657e+01  3.791455375e-03
4.505383382e+01  3.815701880e-03
4.508131108e+01  3.840921322e-03
4.510878833e+01  3.864855060e-03
4.513626558e+01  3.885244454e-03
4.516374284e+01  3.899830861e-03
4.519122009e+01  3.906355641e-03
4.521869734e+01  3.902560153e-03
4.524617459e+01  3.886185755e-03
4.527365185e+01  3.855686909e-03
4.530112910e+01  3.812370485e-03
4.532860635e+01  3.758256456e-03
4.535608361e+01  3.695364796e-03
4.538356086e+01  3.625715476e-03
4.541103811e+01  3.551328472e-03
4.543851537e+01  3.474223754e-03
4.546599262e+01  3.396421296e-03
4.549346987e+01  3.319941072e-03
4.552094712e+01  3.246803054e-03
4.554842438e+01  3.178628533e-03
4.557590163e+01  3.115444073e-03
4.560337888e+01  3.056877554e-03
4.563085614e+01  3.002556858e-03
4.565833339e+01  2.952109866e-03
4.568581064e+01  2.905164460e-03
4.571328790e+01  2.861348520e-03
4.574076515e+01  2.820289927e-03
4.576824240e+01  2.781616563e-03
4.579571965e+01  2.744956310e-03
4.582319691e+01  2.709751827e-03
4.585067416e+01  2.674704893e-03
4.587815141e+01  2.638332069e-03
4.590562867e+01  2.599149911e-03
4.593310592e+01  2.555674979e-03
4.596058317e+01  2.506423831e-03
4.598806043e+01  2.449913025e-03
4.601553768e+01  2.384659121e-03
4.604301493e+01  2.309178677e-03
4.607049218e+01  2.221988251e-03
4.609796944e+01  2.122377491e-03
4.612544669e+01  2.012728398e-03
4.615292394e+01  1.896196061e-03
4.618040120e+01  1.775935571e-03
4.620787845e+01  1.655102017e-03
4.623535570e+01  1.536850489e-03
4.626283296e+01  1.424336077e-03
4.629031021e+01  1.320713870e-03
4.631778746e+01  1.229138960e-03
4.634526471e+01  1.152766434e-03
4.637274197e+01  1.093858665e-03
4.640021922e+01  1.051107147e-03
4.642769647e+01  1.022310658e-03
4.645517373e+01  1.005267973e-03
4.648265098e+01  9.977778688e-04
4.651012823e+01  9.976391224e-04
4.653760549e+01  1.002650510e-03
4.656508274e+01  1.010610808e-03
4.659255999e+01  1.019318793e-03
4.662003724e+01  1.026573242e-03
4.664751450e+01  1.030685871e-03
4.667499175e+01  1.032020165e-03
4.670246900e+01  1.031452545e-03
4.672994626e+01  1.029859436e-03
4.675742351e+01  1.028117261e-03
4.678490076e+01  1.027102443e-03
4.681237802e+01  1.027691408e-03
4.683985527e+01  1.030760577e-03
4.686733252e+01  1.037186374e-03
4.689480977e+01  1.047845224e-03
4.692228703e+01  1.063196834e-03
4.694976428e+01  1.082034058e-03
4.697724153e+01  1.102733031e-03
4.700471879e+01  1.123669891e-03
4.703219604e+01  1.143220775e-03
4.705967329e+01  1.159761820e-03
4.708715054e+01  1.171669163e-03
4.711462780e+01  1.177318941e-03
4.714210505e+01  1.175087292e-03
4.716958230e+01  1.163350352e-03
4.719705956e+01  1.141064851e-03
4.722453681e+01  1.109509889e-03
4.725201406e+01  1.070545159e-03
4.727949132e+01  1.026030354e-03
4.730696857e+01  9.778251668e-04
4.733444582e+01  9.277892897e-04
4.736192307e+01  8.777824156e-04
4.738940033e+01  8.296642374e-04
4.741687758e+01  7.852944478e-04
4.744435483e+01  7.465327397e-04
4.747183209e+01  7.148245489e-04
4.749930934e+01  6.899582843e-04
4.752678659e+01  6.713080979e-04
4.755426385e+01  6.582481417e-04
4.758174110e+01  6.501525678e-04
4.760921835e+01  6.463955282e-04
4.763669560e+01  6.463511749e-04
4.766417286e+01  6.493936598e-04
4.769165011e+01  6.548971352e-04
4.771912736e+01  6.622357528e-04
4.774660462e+01  6.707478691e-04
4.777408187e+01  6.796286571e-04
4.780155912e+01  6.880374940e-04
4.782903638e+01  6.951337571e-04
4.785651363e+01  7.000768238e-04
4.788399088e+01  7.020260713e-04
4.791146813e+01  7.001408770e-04
4.793894539e+01  6.935806180e-04
4.796642264e+01  6.815046717e-04
4.799389989e+01  6.630724154e-04
4.802137715e+01  6.378169472e-04
4.804885440e+01  6.067662480e-04
4.807633165e+01  5.713220199e-04
4.810380891e+01  5.328859646e-04
4.813128616e+01  4.928597841e-04
4.815876341e+01  4.526451801e-04
4.818624066e+01  4.136438546e-04
4.821371792e+01  3.772575094e-04
4.824119517e+01  3.448878464e-04
4.826867242e+01  3.179365674e-04
4.829614968e+01  2.974189531e-04
4.832362693e+01  2.828045990e-04
4.835110418e+01  2.731766795e-04
4.837858144e+01  2.676183688e-04
4.840605869e+01  2.652128413e-04
4.843353594e+01  2.650432713e-04
4.846101319e+01  2.661928332e-04
4.848849045e+01  2.677447011e-04
4.851596770e+01  2.687820496e-04
4.854344495e+01  2.683880528e-04
4.857092221e+01  2.658709577e-04
4.859839946e+01  2.614393018e-04
4.862587671e+01  2.555266950e-04
4.865335397e+01  2.485667475e-04
4.868083122e+01  2.409930693e-04
4.870830847e+01  2.332392703e-04
4.873578572e+01  2.257389607e-04
4.876326298e+01  2.189257505e-04
4.879074023e+01  2.132332497e-04
4.881821748e+01  2.090950684e-04
4.884569474e+01  2.068210448e-04
4.887317199e+01  2.062259294e-04
4.890064924e+01  2.070007012e-04
4.892812650e+01  2.088363388e-04
4.895560375e+01  2.114238212e-04
4.898308100e+01  2.144541271e-04
4.901055825e+01  2.176182353e-04
4.903803551e+01  2.206071246e-04
4.906551276e+01  2.231117739e-04
4.909299001e+01  2.248231618e-04
4.912046727e+01  2.254905567e-04
4.914794452e+01  2.250963849e-04
4.917542177e+01  2.236813622e-04
4.920289903e+01  2.212862043e-04
4.923037628e+01  2.179516270e-04
4.925785353e+01  2.137183462e-04
4.928533078e+01  2.086270775e-04
4.931280804e+01  2.027185368e-04
4.934028529e+01  1.960334399e-04
4.936776254e+01  1.886125024e-04
4.939523980e+01  1.805295317e-04
4.942271705e+01  1.719907004e-04
4.945019430e+01  1.632352725e-04
4.947767156e+01  1.545025122e-04
4.950514881e+01  1.460316836e-04
4.953262606e+01  1.380620506e-04
4.956010331e+01  1.308328775e-04
4.958758057e+01  1.245834283e-04
4.961505782e+01  1.195529670e-04
4.964253507e+01  1.159807578e-04
4.967001233e+01  1.140037714e-04
4.969748958e+01  1.133498050e-04
4.972496683e+01  1.136443625e-04
4.975244409e+01  1.145129478e-04
4.977992134e+01  1.155810647e-04
4.980739859e+01  1.164742172e-04
4.983487584e+01  1.168179091e-04
4.986235310e+01  1.162376442e-04
4.988983035e+01  1.143589265e-04
4.991730760e+01  1.108072599e-04
4.994478486e+01  1.053355725e-04
4.997226211e+01  9.820649005e-05
4.999973936e+01  8.981006263e-05
5.002721662e+01  8.053634024e-05
5.005469387e+01  7.077537294e-05
5.008217112e+01  6.091721078e-05
5.010964837e+01  5.135190378e-05
5.013712563e+01  4.246950201e-05
5.016460288e+01  3.466005549e-05
5.019208013e+01  2.831361428e-05
5.021955739e+01  2.371355396e-05
5.024703464e+01  2.071655224e-05
5.027451189e+01  1.907261240e-05
5.030198915e+01  1.853173768e-05
5.032946640e+01  1.884393135e-05
5.035694365e+01  1.975919666e-05
5.038442090e+01  2.102753689e-05
5.041189816e+01  2.239895529e-05
5.043937541e+01  2.362345511e-05
5.046685266e+01  2.445103962e-05
5.049432992e+01  2.468924345e-05
5.052180717e+01  2.437572666e-05
5.054928442e+01  2.360568070e-05
5.057676168e+01  2.247429701e-05
5.060423893e+01  2.107676703e-05
5.063171618e+01  1.950828220e-05
5.065919343e+01  1.786403395e-05
5.068667069e+01  1.623921373e-05
5.071414794e+01  1.472901298e-05
5.074162519e+01  1.342862314e-05
5.076910245e+01  1.240974029e-05
5.079657970e+01  1.165007908e-05
5.082405695e+01  1.110385884e-05
5.085153421e+01  1.072529885e-05
5.087901146e+01  1.046861844e-05
5.090648871e+01  1.028803689e-05
5.093396596e+01  1.013777351e-05
5.096144322e+01  9.972047613e-06
5.098892047e+01  9.745078500e-06
5.101639772e+01  9.411085474e-06
5.104387498e+01  8.938663517e-06
5.107135223e+01  8.353910317e-06
5.109882948e+01  7.697299240e-06
5.112630674e+01  7.009303648e-06
5.115378399e+01  6.330396908e-06
5.118126124e+01  5.701052385e-06
5.120873849e+01  5.161743442e-06
5.123621575e+01  4.752943444e-06
5.126369300e+01  4.515125758e-06
5.129117025e+01  4.488763746e-06
5.131864751e+01  4.699754519e-06
5.134612476e+01  5.115690167e-06
5.137360201e+01  5.689586525e-06
5.140107927e+01  6.374459427e-06
5.142855652e+01  7.123324709e-06
5.145603377e+01  7.889198204e-06
5.148351102e+01  8.625095749e-06
5.151098828e+01  9.284033178e-06
5.153846553e+01  9.819026325e-06
5.156594278e+01  1.018309103e-05
5.159342004e+01  1.034215097e-05
5.162089729e+01  1.031376127e-05
5.164837454e+01  1.012838489e-05
5.167585180e+01  9.816484805e-06
5.170332905e+01  9.408523971e-06
5.173080630e+01  8.934965360e-06
5.175828355e+01  8.426271938e-06
5.178576081e+01  7.912906672e-06
5.181323806e+01  7.425332529e-06
5.184071531e+01  6.994012475e-06
5.186819257e+01  6.643486561e-06
5.189566982e+01  6.374603177e-06
5.192314707e+01  6.182287795e-06
5.195062432e+01  6.061465888e-06
5.197810158e+01  6.007062930e-06
5.200557883e+01  6.014004394e-06
5.203305608e+01  6.077215752e-06
5.206053334e+01  6.191622478e-06
5.208801059e+01  6.352150045e-06
5.211548784e+01  6.553723925e-06
5.214296510e+01  6.789086958e-06
5.217044235e+01  7.042251442e-06
5.219791960e+01  7.295047041e-06
5.222539685e+01  7.529303420e-06
5.225287411e+01  7.726850242e-06
5.228035136e+01  7.869517171e-06
5.230782861e+01  7.939133872e-06
5.233530587e+01  7.917530008e-06
5.236278312e+01  7.786535245e-06
5.239026037e+01  7.527979245e-06
5.241773763e+01  7.131388376e-06
5.244521488e+01  6.617075816e-06
5.247269213e+01  6.013051448e-06
5.250016938e+01  5.347325153e-06
5.252764664e+01  4.647906813e-06
5.255512389e+01  3.942806308e-06
5.258260114e+01  3.260033522e-06
5.261007840e+01  2.627598336e-06
5.263755565e+01  2.073510631e-06
5.266503290e+01  1.625780288e-06
5.269251016e+01  1.304731047e-06
5.271998741e+01  1.099942073e-06
5.274746466e+01  9.933063855e-07
5.277494191e+01  9.667170071e-07
5.280241917e+01  1.002066959e-06
5.282989642e+01  1.081249263e-06
5.285737367e+01  1.186156940e-06
5.288485093e+01  1.298683011e-06
5.291232818e+01  1.400720499e-06
5.293980543e+01  1.474162424e-06
5.296728269e+01  1.506428789e-06
5.299475994e+01  1.507047524e-06
5.302223719e+01  1.491073539e-06
5.304971444e+01  1.473561746e-06
5.307719170e+01  1.469567054e-06
5.310466895e+01  1.494144375e-06
5.313214620e+01  1.562348618e-06
5.315962346e+01  1.689234696e-06
5.318710071e+01  1.889857519e-06
5.321457796e+01  2.179271998e-06
5.324205522e+01  2.564994238e-06
5.326953247e+01  3.024385128e-06
5.329700972e+01  3.527266753e-06
5.332448697e+01  4.043461196e-06
5.335196423e+01  4.542790542e-06
5.337944148e+01  4.995076873e-06
5.340691873e+01  5.370142276e-06
5.343439599e+01  5.637808833e-06
5.346187324e+01  5.767898628e-06
5.348935049e+01  5.730233746e-06
5.351682775e+01  5.505307592e-06
5.354430500e+01  5.116298853e-06
5.357178225e+01  4.597057541e-06
5.359925950e+01  3.981433665e-06
5.362673676e+01  3.303277233e-06
5.365421401e+01  2.596438258e-06
5.368169126e+01  1.894766747e-06
5.370916852e+01  1.232112710e-06
5.373664577e+01  6.423261583e-07
5.376412302e+01  1.592571004e-07
5.379160028e+01  0.000000000e+00
5.381907753e+01  0.000000000e+00
5.384655478e+01  0.000000000e+00
5.387403203e+01  0.000000000e+00
5.390150929e+01  0.000000000e+00
5.392898654e+01  0.000000000e+00
5.395646379e+01  0.000000000e+00
5.398394105e+01  0.000000000e+00
5.401141830e+01  0.000000000e+00
5.403889555e+01  5.452961471e-08
5.406637281e+01  1.397267957e-07
5.409385006e+01  1.932429030e-07
5.412132731e+01  2.197593353e-07
5.414880456e+01  2.239574910e-07
5.417628182e+01  2.105187686e-07
5.420375907e+01  1.841245667e-07
5.423123632e+01  1.494562838e-07
5.425871358e+01  1.111953184e-07
5.428619083e+01  7.402306898e-08
5.431366808e+01  4.262093416e-08
5.434114534e+01  2.064805323e-08
5.436862259e+01  7.674528722e-09
5.439609984e+01  2.248203996e-09
5.442357709e+01  2.916922402e-09
5.445105435e+01  8.228527291e-09
5.447853160e+01  1.673086202e-08
5.450600885e+01  2.697176993e-08
5.453348611e+01  3.749909438e-08
5.456096336e+01  4.686067872e-08
5.458844061e+01  5.360436630e-08
5.461591787e+01  5.662042981e-08
5.464339512e+01  5.616885933e-08
5.467087237e+01  5.285207426e-08
5.469834962e+01  4.727249400e-08
5.472582688e+01  4.003253797e-08
5.475330413e+01  3.173462557e-08
5.478078138e+01  2.298117620e-08
5.480825864e+01  1.437460929e-08
5.483573589e+01  6.517344228e-09
5.486321314e+01  1.180043020e-11
5.489069040e+01  0.000000000e+00
5.491816765e+01  0.000000000e+00
5.494564490e+01  0.000000000e+00
5.497312215e+01  0.000000000e+00
5.500059941e+01  0.000000000e+00
5.502807666e+01  0.000000000e+00
5.505555391e+01  0.000000000e+00
5.508303117e+01  0.000000000e+00
5.511050842e+01  0.000000000e+00
5.513798567e+01  1.017764868e-10
5.516546293e+01  1.364141936e-09
5.519294018e+01  2.167556421e-09
5.522041743e+01  2.578625740e-09
5.524789468e+01  2.663955685e-09
5.527537194e+01  2.490152054e-09
5.530284919e+01  2.123820641e-09
5.533032644e+01  1.631567240e-09
5.535780370e+01  1.079997649e-09
5.538528095e+01  5.357176608e-10
5.541275820e+01  6.533307178e-11
5.544023546e+01  0.000000000e+00
5.546771271e+01  0.000000000e+00
5.549518996e+01  0.000000000e+00
5.552266721e+01  0.000000000e+00
5.555014447e+01  0.000000000e+00
5.557762172e+01  0.000000000e+00
5.560509897e+01  0.000000000e+00
5.563257623e+01  0.000000000e+00
5.566005348e+01  0.000000000e+00
5.568753073e+01  2.727760518e-11
5.571500799e+01  1.182931561e-10
5.574248524e+01  1.772076683e-10
5.576996249e+01  2.084648448e-10
5.579743974e+01  2.165083886e-10
5.582491700e+01  2.057820027e-10
5.585239425e+01  1.807293901e-10
5.587987150e+01  1.457942538e-10
5.590734876e+01  1.054202969e-10
5.593482601e+01  6.405122233e-11
5.596230326e+01  2.613073310e-11
5.598978052e+01  0.000000000e+00
5.601725777e+01  0.000000000e+00
5.604473502e+01  0.000000000e+00
5.607221227e+01  0.000000000e+00
5.609968953e+01  0.000000000e+00
5.612716678e+01  0.000000000e+00
5.615464403e+01  0.000000000e+00
5.618212129e+01  0.000000000e+00
5.620959854e+01  0.000000000e+00
5.623707579e+01  1.435786264e-12
5.626455305e+01  2.578312737e-11
5.629203030e+01  5.372911572e-11
5.631950755e+01  8.530969471e-11
5.634698480e+01  1.205608078e-10
5.637446206e+01  1.595183983e-10
5.640193931e+01  2.022184098e-10
5.642941656e+01  2.486967856e-10
5.645689382e+01  2.989894691e-10
5.648437107e+01  3.531324038e-10
5.651184832e+01  4.111615331e-10
5.653932558e+01  4.726634885e-10
5.656680283e+01  5.354276539e-10
5.659428008e+01  5.967941013e-10
5.662175733e+01  6.541029027e-10
5.664923459e+01  7.046941303e-10
5.667671184e+01  7.459078559e-10
5.670418909e+01  7.750841516e-10
5.673166635e+01  7.895630894e-10
5.675914360e+01  7.866847413e-10
5.678662085e+01  7.637891794e-10
5.681409810e+01  7.195981566e-10
5.684157536e+01  6.583601505e-10
5.686905261e+01  5.857053194e-10
5.689652986e+01  5.072638217e-10
5.692400712e+01  4.286658158e-10
5.695148437e+01  3.555414603e-10
5.697896162e+01  2.935209134e-10
5.700643888e+01  2.482343336e-10
5.703391613e+01  2.253118794e-10
5.706139338e+01  2.303837091e-10
5.708887063e+01  2.669430799e-10
5.711634789e+01  3.299356439e-10
5.714382514e+01  4.121701516e-10
5.717130239e+01  5.064553539e-10
5.719877965e+01  6.056000015e-10
5.722625690e+01  7.024128450e-10
5.725373415e+01  7.897026352e-10
5.728121141e+01  8.602781228e-10
5.730868866e+01  9.069480586e-10
5.733616591e+01  9.225211932e-10
5.736364316e+01  9.020465411e-10
5.739112042e+01  8.495341720e-10
5.741859767e+01  7.712344194e-10
5.744607492e+01  6.733976167e-10
5.747355218e+01  5.622740973e-10
5.750102943e+01  4.441141948e-10
5.752850668e+01  3.251682425e-10
5.755598394e+01  2.116865739e-10
5.758346119e+01  1.099195224e-10
5.761093844e+01  2.611742156e-11
5.763841569e+01  0.000000000e+00
5.766589295e+01  0.000000000e+00
5.769337020e+01  0.000000000e+00
5.772084745e+01  0.000000000e+00
5.774832471e+01  0.000000000e+00
5.777580196e+01  0.000000000e+00
5.780327921e+01  0.000000000e+00
5.783075647e+01  0.000000000e+00
5.785823372e+01  0.000000000e+00
5.788571097e+01  2.980068726e-12
5.791318822e+01  1.747758590e-11
5.794066548e+01  2.658599074e-11
5.796814273e+01  3.109327153e-11
5.799561998e+01  3.178741654e-11
5.802309724e+01  2.945641405e-11
5.805057449e+01  2.488825234e-11
5.807805174e+01  1.887091969e-11
5.810552900e+01  1.219240436e-11
5.813300625e+01  5.640694649e-12
5.816048350e+01  3.778821886e-15
5.818796075e+01  0.000000000e+00
5.821543801e+01  0.000000000e+00
5.824291526e+01  0.000000000e+00
5.827039251e+01  0.000000000e+00
5.829786977e+01  0.000000000e+00
5.832534702e+01  0.000000000e+00
5.835282427e+01  0.000000000e+00
5.838030153e+01  0.000000000e+00
5.840777878e+01  0.000000000e+00
5.843525603e+01  1.923492685e-15
5.846273328e+01  1.102973952e-12
5.849021054e+01  1.805982110e-12
5.851768779e+01  2.168467640e-12
5.854516504e+01  2.247950213e-12
5.857264230e+01  2.101949500e-12
5.860011955e+01  1.787985173e-12
5.862759680e+01  1.363576904e-12
5.865507406e+01  8.862443643e-13
5.868255131e+01  4.135072251e-13
5.871002856e+01  2.885158417e-15
5.873750581e+01  0.000000000e+00
5.876498307e+01  0.000000000e+00
5.879246032e+01  0.000000000e+00
5.881993757e+01  0.000000000e+00
5.884741483e+01  0.000000000e+00
5.887489208e+01  0.000000000e+00
5.890236933e+01  0.000000000e+00
5.892984659e+01  0.000000000e+00
5.895732384e+01  0.000000000e+00
5.898480109e+01  5.483507436e-19
5.901227834e+01  1.103859572e-13
5.903975560e+01  1.990383202e-13
5.906723285e+01  2.674323722e-13
5.909471010e+01  3.170428480e-13
5.912218736e+01  3.493444825e-13
5.914966461e+01  3.658120104e-13
5.917714186e+01  3.679201667e-13
5.920461912e+01  3.571436861e-13
5.923209637e+01  3.349573035e-13
5.925957362e+01  3.028357538e-13
5.928705087e+01  2.622537717e-13
5.931452813e+01  2.146860921e-13
5.934200538e+01  1.616074498e-13
5.936948263e+01  1.044925797e-13
5.939695989e+01  4.481621656e-14
